2017-01-20:1.68333333333 18.0333333333 1.81666666667 7.28333333333 1.45 9.68333333333 0.0 0.466666666667 3.0 24.3 0.933333333333 0.0 0.6 11.3 7.15 25.6833333333 2.01666666667 4.6 23.7666666667 12.1833333333 7.26666666667 15.7666666667 6.43333333333 37.7333333333 
2017-01-21:16.55 1.45 0.0 0.0 0.0 0.0 0.0 0.0 0.216666666667 0.0 0.0 8.58333333333 22.2666666667 2.51666666667 0.683333333333 5.4 0.0 0.0 3.58333333333 0.0 1.75 0.0 0.0 0.0 
2017-01-22:0.0 0.0 4.65 0.0 0.0 4.05 0.0 0.0 0.0 1.3 0.1 0.266666666667 7.25 40.4 11.3 8.75 1.1 4.01666666667 2.36666666667 60.0 60.0 60.0 60.0 60.0 
2017-01-23:5.06666666667 14.5166666667 4.65 12.7 0.716666666667 0.0 0.0 0.0 0.0 1.71666666667 0.0 5.33333333333 0.0 5.75 7.78333333333 17.3833333333 10.4666666667 6.43333333333 1.16666666667 7.2 0.0 9.06666666667 1.7 5.91666666667 
2017-01-24:13.55 0.116666666667 7.65 0.0 9.75 0.0 0.0 0.0 1.88333333333 0.516666666667 3.18333333333 2.58333333333 1.61666666667 0.0 2.16666666667 11.4833333333 16.8166666667 1.78333333333 7.95 21.7 60.0 43.45 28.3166666667 0.0 
2017-01-25:0.0 0.0 1.03333333333 0.0 13.55 0.0 0.0 0.35 1.68333333333 0.116666666667 15.3666666667 45.1 5.85 19.0333333333 0.0 0.816666666667 0.0 0.0 0.0 15.5333333333 11.5333333333 60.0 44.3833333333 3.56666666667 
2017-01-26:42.2 1.96666666667 2.36666666667 2.76666666667 0.0 0.0 0.0 1.66666666667 0.333333333333 0.0 0.916666666667 6.35 0.15 0.9 16.1166666667 19.5333333333 24.4 12.65 7.23333333333 5.5 2.73333333333 58.6666666667 5.15 4.91666666667 
2017-01-27:12.7666666667 60.0 30.8 0.0 0.0 0.0 0.0 4.56666666667 0.0 4.08333333333 2.81666666667 11.3333333333 3.46666666667 0.4 1.08333333333 24.9 0.316666666667 13.6833333333 5.03333333333 12.75 24.6666666667 6.2 0.8 14.9 
2017-01-28:7.58333333333 23.5333333333 1.35 0.0 0.0 0.0 0.0 0.0 0.0 0.333333333333 0.55 32.3833333333 21.7833333333 25.05 14.5833333333 4.11666666667 1.73333333333 6.86666666667 1.28333333333 4.06666666667 31.45 0.366666666667 9.73333333333 6.91666666667 
2017-01-29:0.0 14.0333333333 0.0 0.0 0.0 0.0 0.0 0.0 0.0833333333333 3.93333333333 22.3333333333 16.6666666667 1.13333333333 0.416666666667 29.65 0.0 0.45 3.55 1.7 27.2 4.38333333333 7.66666666667 15.35 1.68333333333 
2017-01-30:2.71666666667 3.38333333333 2.85 23.3333333333 0.0 0.0 0.0 0.0 0.0 0.3 15.4666666667 29.65 35.85 0.0 1.51666666667 0.7 0.433333333333 26.5166666667 3.1 6.86666666667 10.8166666667 0.0 2.76666666667 0.0 
2017-01-31:4.11666666667 0.0 0.0 0.0 0.0 0.366666666667 0.583333333333 0.0 0.0 5.96666666667 9.63333333333 1.15 0.0 0.133333333333 0.0 0.1 0.116666666667 2.46666666667 4.51666666667 8.81666666667 0.05 34.45 14.3333333333 30.1666666667 
2017-02-01:15.7833333333 47.3666666667 0.0 0.0 0.0 0.0 0.0 0.0 0.616666666667 0.0 0.0 4.2 0.0 7.35 28.5666666667 9.18333333333 0.45 28.1 0.883333333333 18.9166666667 0.0 15.8166666667 0.0 0.0 
2017-02-02:8.71666666667 4.83333333333 3.03333333333 0.0 0.0 0.0 0.0 0.0 0.25 7.98333333333 10.7333333333 32.5333333333 2.63333333333 2.45 42.9833333333 16.95 0.833333333333 4.23333333333 8.01666666667 0.133333333333 5.1 0.05 60.0 21.3666666667 
2017-02-03:4.36666666667 0.0 0.0 0.0 0.0 0.0 0.0 0.0 5.45 8.76666666667 9.73333333333 19.3666666667 11.1333333333 3.1 2.9 11.2166666667 0.416666666667 4.31666666667 60.0 16.5333333333 0.1 15.9 41.2333333333 7.98333333333 
2017-02-04:3.5 0.0 21.9 33.5833333333 0.0 0.0 0.0 0.0 0.0 0.0 0.0 10.9333333333 0.0 8.93333333333 23.2 22.0166666667 15.8666666667 55.95 44.8 60.0 60.0 20.0333333333 32.0833333333 7.5 
2017-02-05:9.46666666667 28.8 15.6833333333 0.0 0.0 0.0 0.0 0.0 0.0 0.0 27.2666666667 48.9833333333 31.4166666667 60.0 15.7666666667 0.0 0.0 37.5 16.15 24.3666666667 42.3 3.68333333333 4.86666666667 0.0 
2017-02-06:3.23333333333 1.78333333333 0.0 0.0 0.0 0.0 0.0 0.0 0.116666666667 0.0 1.61666666667 60.0 18.3 0.0 0.85 0.333333333333 0.816666666667 0.0 22.9 4.01666666667 0.733333333333 43.9833333333 13.9333333333 3.8 
2017-02-07:0.0 0.0 0.0 11.8166666667 0.0 0.0 0.233333333333 0.0 3.55 4.1 0.8 16.6666666667 1.11666666667 1.7 6.05 4.88333333333 7.2 2.46666666667 4.0 3.18333333333 0.0 47.65 6.25 1.45 
2017-02-08:0.566666666667 0.0 0.0 0.0 0.0 0.0 0.0 1.05 0.0 0.0 2.31666666667 13.3666666667 4.41666666667 40.95 1.56666666667 0.0 3.33333333333 0.4 8.31666666667 51.2666666667 2.96666666667 0.0 14.4 0.0 
2017-02-09:8.4 0.0 26.5166666667 0.383333333333 0.0 0.0 0.0 0.0 60.0 11.6333333333 24.6833333333 48.85 4.95 0.0 17.2833333333 6.75 54.05 2.98333333333 11.6166666667 4.86666666667 35.8666666667 34.05 20.8166666667 10.8333333333 
2017-02-10:0.0 0.0 3.26666666667 0.0 0.0 0.0 0.0 0.0 11.0 13.6833333333 0.15 0.0 6.9 0.0 27.0333333333 32.5833333333 0.133333333333 23.95 25.8166666667 0.3 60.0 19.4 1.6 0.0 
2017-02-11:32.6333333333 0.0 0.0 0.0 0.0 0.0 0.0 0.0 0.0 1.38333333333 0.566666666667 3.08333333333 60.0 60.0 27.6666666667 59.4166666667 0.0 15.0833333333 42.75 42.9666666667 0.0 60.0 60.0 10.1833333333 
2017-02-12:0.0 0.0 0.0 0.0 0.0 0.0 0.0 0.0 0.0 0.0 0.0 0.0 0.616666666667 0.05 3.48333333333 7.28333333333 24.9 0.0 5.3 0.0 0.0 7.28333333333 0.0 8.66666666667 
2017-02-13:0.0 3.96666666667 0.0 0.0 0.0 7.5 0.0 0.0 0.0 0.0 0.866666666667 3.75 14.3833333333 7.38333333333 17.8333333333 4.43333333333 6.2 30.4333333333 3.61666666667 0.0 60.0 32.9 0.0666666666667 0.0 
2017-02-14:0.0 0.0 6.53333333333 0.0 7.66666666667 16.6166666667 0.0 0.0 0.333333333333 3.26666666667 9.75 25.0166666667 0.133333333333 1.2 3.13333333333 1.13333333333 3.33333333333 0.0 6.95 17.0333333333 43.3333333333 4.06666666667 0.0 0.0 
2017-02-15:11.4666666667 16.1166666667 7.65 0.0 0.0 0.0 0.0 0.183333333333 0.0 10.6166666667 1.51666666667 30.1333333333 5.76666666667 0.2 19.1333333333 39.9166666667 0.166666666667 9.45 4.41666666667 5.93333333333 2.01666666667 0.0 26.55 1.46666666667 
2017-02-16:1.68333333333 0.0 0.983333333333 0.0 0.0 0.0 0.0 0.483333333333 16.0333333333 2.81666666667 16.5166666667 0.65 0.0 5.08333333333 24.0 25.8333333333 31.8 0.0 12.55 0.55 0.533333333333 19.1666666667 44.3 17.0333333333 
2017-02-17:0.0 33.0666666667 53.25 0.0 0.0 0.0 0.0 0.516666666667 0.0 0.0 11.4666666667 0.433333333333 1.6 0.0 8.03333333333 37.2166666667 0.0 16.1666666667 30.2666666667 27.6166666667 30.55 60.0 12.3833333333 60.0 
2017-02-18:21.8666666667 0.0 7.3 0.0 0.0 0.0 0.0 0.0 0.75 0.2 0.0 0.866666666667 0.0 60.0 18.45 1.8 2.58333333333 0.0 0.0 5.81666666667 41.9166666667 0.0 0.0 0.05 
2017-02-19:0.0 0.0 4.65 0.0 0.0 0.0 0.0 0.0 0.0 0.0 0.9 38.9333333333 0.0 12.4833333333 0.0 0.0 0.0 18.75 15.7333333333 0.0666666666667 0.0 0.0 18.8833333333 1.53333333333 
2017-02-20:6.73333333333 31.8666666667 0.0 0.0 0.0 0.0 0.0 0.0 0.283333333333 0.0 0.783333333333 6.65 60.0 39.2833333333 1.21666666667 0.0 0.0 4.01666666667 1.18333333333 0.716666666667 1.51666666667 0.0 0.0 0.0 
2017-02-21:0.0 2.73333333333 0.0 0.0 0.733333333333 0.0 0.0 0.0 0.25 0.7 0.333333333333 39.1333333333 0.0 1.95 0.0 7.96666666667 0.966666666667 2.43333333333 7.15 8.63333333333 24.8 0.0 8.31666666667 10.1833333333 
2017-02-22:25.55 5.31666666667 28.3166666667 60.0 17.0166666667 0.0 0.0 0.0 0.166666666667 0.316666666667 2.2 37.0 0.966666666667 0.0833333333333 1.56666666667 0.0 0.0 0.0 34.75 19.2833333333 47.1166666667 24.1333333333 0.0 7.91666666667 
2017-02-23:2.08333333333 3.03333333333 0.0 43.6166666667 0.0 0.0 0.0 0.0 3.25 0.0 0.1 18.7 1.55 2.88333333333 8.58333333333 6.85 33.15 4.63333333333 15.3 0.716666666667 25.85 4.1 36.7833333333 0.0 
2017-02-24:2.83333333333 1.06666666667 0.0 2.98333333333 0.0 0.0 0.0 2.13333333333 10.8 26.0333333333 5.56666666667 13.7333333333 3.1 2.8 5.93333333333 1.53333333333 4.13333333333 12.7 4.9 8.58333333333 9.18333333333 0.683333333333 0.0 22.7166666667 
2017-02-25:15.25 60.0 1.3 0.0 0.0 0.0 0.0 0.0 0.0 2.48333333333 0.0 0.283333333333 11.9166666667 3.48333333333 26.2333333333 0.916666666667 41.0166666667 6.73333333333 31.0166666667 3.75 0.0 5.96666666667 1.95 48.8666666667 
2017-02-26:22.2 21.1333333333 60.0 58.2666666667 0.0 0.0 0.0 0.0 0.0 0.0 0.433333333333 28.3333333333 1.53333333333 31.6 14.5833333333 60.0 35.7333333333 3.46666666667 0.0 36.1666666667 1.56666666667 60.0 3.9 0.0 
2017-02-27:37.5666666667 0.0 0.0 4.61666666667 1.11666666667 0.0 0.0 0.0 0.0 0.0 0.0 9.88333333333 11.75 8.15 0.233333333333 11.5166666667 16.6333333333 5.6 60.0 60.0 60.0 14.95 0.0 0.0 
2017-02-28:0.0 24.3666666667 0.0 51.6333333333 0.0 0.0 0.0 0.0 0.183333333333 0.0 5.86666666667 4.55 0.9 8.15 1.13333333333 0.183333333333 0.0 19.8166666667 5.23333333333 0.1 0.0 2.58333333333 0.0 2.21666666667 
2017-03-01:18.7 9.11666666667 1.11666666667 0.0 0.0 0.0 0.0 0.0 1.1 0.133333333333 11.8 18.6333333333 12.6166666667 0.0 18.1 35.2833333333 1.56666666667 0.0 6.9 60.0 18.65 1.03333333333 2.45 28.2333333333 
2017-03-02:3.31666666667 6.38333333333 1.75 33.3 0.0 0.0 0.0 0.0 0.383333333333 0.0 0.566666666667 19.4666666667 0.733333333333 0.05 17.0333333333 20.3333333333 42.7166666667 4.35 9.1 1.75 0.0 60.0 23.0166666667 3.11666666667 
2017-03-03:0.0 0.0 0.0 42.2 0.0 0.0 0.0 0.05 12.3166666667 0.75 0.783333333333 5.06666666667 17.4333333333 1.58333333333 4.1 2.01666666667 6.38333333333 4.93333333333 1.25 22.2333333333 0.233333333333 4.25 0.6 0.0 
2017-03-04:0.0 7.86666666667 10.3833333333 31.1666666667 0.0 0.0 0.0 0.0 0.0 3.0 60.0 60.0 28.7 8.85 29.0833333333 24.7833333333 51.7833333333 9.0 18.7666666667 60.0 51.75 33.9333333333 0.0 1.53333333333 
2017-03-05:0.0 28.3833333333 1.73333333333 0.0 0.0 0.0 0.0 0.0 3.66666666667 0.1 9.4 0.0 1.98333333333 0.533333333333 20.4666666667 0.0 0.0 7.05 3.98333333333 0.166666666667 4.96666666667 0.0 60.0 60.0 
2017-03-06:33.3833333333 0.0 0.0 0.0 0.0 0.0 0.0 0.0 0.0 0.283333333333 3.31666666667 45.4333333333 2.98333333333 9.9 1.26666666667 22.8166666667 4.41666666667 6.48333333333 8.28333333333 0.0 0.0 26.3 0.0 28.7833333333 
2017-03-07:60.0 60.0 60.0 33.6666666667 0.0 0.0 0.0 0.333333333333 2.66666666667 3.45 30.0 18.1166666667 6.46666666667 7.51666666667 0.6 21.75 7.16666666667 2.18333333333 1.53333333333 3.63333333333 1.66666666667 0.0 28.5 0.183333333333 
2017-03-08:3.36666666667 11.95 0.0 15.85 0.0 0.0 0.216666666667 0.05 0.533333333333 0.383333333333 1.68333333333 28.2 0.0 1.38333333333 2.03333333333 31.9333333333 11.8333333333 18.0333333333 8.56666666667 60.0 9.21666666667 3.91666666667 0.0 0.0 
2017-03-09:0.0 0.0 0.0 0.0 16.3833333333 0.0 0.0 0.0 2.53333333333 1.56666666667 5.1 31.6833333333 0.0 4.75 7.71666666667 21.2 3.01666666667 1.65 3.61666666667 12.1166666667 60.0 7.41666666667 0.0 60.0 
2017-03-10:2.75 54.7666666667 0.0 0.0 11.45 0.0 0.0 0.0 0.2 15.15 0.05 0.0 1.63333333333 0.0 0.0 0.0 10.7333333333 35.2 16.15 5.01666666667 0.25 3.71666666667 3.21666666667 9.21666666667 
2017-03-11:0.0 0.0 0.0 5.5 29.95 0.0 0.0 0.0 1.56666666667 0.0 0.0 6.83333333333 36.2666666667 0.0 0.75 0.816666666667 0.05 8.75 4.31666666667 0.0 45.9833333333 10.95 0.0 0.0 
2017-03-12:1.0 0.0 0.0 60.0 19.1 9.36666666667 0.0 0.0 0.0 0.0 0.0 0.0 0.883333333333 27.2333333333 2.78333333333 0.0833333333333 0.0 21.5166666667 60.0 4.36666666667 0.216666666667 0.0 51.0333333333 3.01666666667 
2017-03-13:0.0 5.28333333333 0.0 5.36666666667 33.9666666667 0.0 0.0 0.0 0.0 4.3 0.0 0.0 33.9166666667 23.0166666667 14.4 11.7333333333 0.0 0.85 0.0 0.05 7.15 46.7 0.0 60.0 
2017-03-14:42.8166666667 0.0 0.0 0.0 0.0 0.0 1.8 15.95 0.0 0.0 3.28333333333 3.83333333333 3.45 2.6 2.51666666667 25.6166666667 8.96666666667 6.46666666667 5.0 2.83333333333 13.4 10.6833333333 2.46666666667 4.45 
2017-03-15:0.0 0.0 5.36666666667 28.35 0.0 0.0 0.0 0.05 8.01666666667 6.38333333333 8.85 0.483333333333 6.23333333333 6.23333333333 5.2 0.95 8.45 14.7166666667 18.8833333333 0.0 7.25 0.05 0.0 60.0 
2017-03-16:41.75 0.0 32.05 13.7 0.0 0.0 0.0 60.0 60.0 40.2666666667 0.0666666666667 18.1333333333 0.0 22.6333333333 3.03333333333 41.6166666667 41.9833333333 3.5 0.85 0.15 0.0 5.4 28.8166666667 2.1 
2017-03-17:1.11666666667 14.7833333333 39.6166666667 16.3833333333 0.0 0.0 0.0 0.0 3.4 5.21666666667 0.0 2.51666666667 11.7833333333 16.5 11.3333333333 10.9166666667 39.35 44.2333333333 10.5 0.0 0.0 0.0 32.8333333333 0.0 
2017-03-18:0.0 0.0 0.0 0.0 0.0 0.0 0.0 0.0 0.0 0.0 0.0 2.23333333333 1.15 7.43333333333 7.2 0.0 3.6 4.15 13.8833333333 3.4 9.85 3.03333333333 3.53333333333 24.35 
2017-03-19:1.73333333333 2.05 6.41666666667 0.05 0.0 0.0 0.0 0.0 0.0 0.0 0.0 0.0 0.0 0.183333333333 0.0 0.0 30.4333333333 1.36666666667 2.63333333333 60.0 26.3 0.8 0.0 5.08333333333 
2017-03-20:0.866666666667 0.0 0.0 0.0 28.8833333333 0.0 0.0 0.0 0.0 0.0 0.0 13.1 31.8833333333 0.0 0.0 0.0 0.0 2.65 0.0 4.63333333333 0.0 0.333333333333 0.0 0.0 
2017-03-21:0.0 0.0 0.0 0.0 0.0 11.1666666667 0.0 0.0 0.0 0.0 10.8666666667 0.0 11.4333333333 10.9666666667 2.98333333333 2.53333333333 3.9 1.2 25.1333333333 0.0 0.65 0.0 11.4333333333 0.0 
2017-03-22:0.0 0.0 0.0 0.0 0.0 0.0 2.56666666667 0.0 0.0 0.0 0.25 0.0 2.95 0.183333333333 0.0 1.51666666667 0.05 0.0 34.6833333333 18.05 0.433333333333 23.4 0.0 0.0 
2017-03-23:0.0 0.0 0.0 0.0 0.0 0.0 0.0 0.0 6.13333333333 0.116666666667 1.6 11.3666666667 2.83333333333 25.3666666667 8.33333333333 6.78333333333 1.18333333333 23.0833333333 60.0 10.2666666667 11.5166666667 24.6333333333 1.0 0.0 
2017-03-24:55.3 0.0 0.0 0.0 0.0 0.0 0.0 0.0 0.0 1.33333333333 0.1 0.0 27.5166666667 9.25 0.516666666667 0.683333333333 0.0833333333333 11.0166666667 6.81666666667 37.0333333333 2.88333333333 0.0 0.0 15.55 
2017-03-25:2.05 19.8666666667 15.8166666667 4.91666666667 0.0 0.0 0.0 0.0 0.0 0.0 0.0 8.03333333333 19.9833333333 26.6 2.76666666667 0.366666666667 1.53333333333 33.5833333333 35.4166666667 0.0 15.4333333333 0.0 8.41666666667 0.0 
2017-03-26:0.0 0.0 28.5 36.5666666667 17.1166666667 0.0 0.0 0.0 0.0 0.0 0.0 2.23333333333 6.36666666667 60.0 13.85 13.7166666667 0.0 0.0 0.0 0.0 0.0 0.0 0.0 24.25 
2017-03-27:0.0 0.0 0.0 14.0666666667 0.0 0.0 0.0 0.0 0.0 0.0666666666667 6.9 9.95 9.15 28.8333333333 15.3333333333 10.9333333333 0.0 1.98333333333 0.65 3.36666666667 12.7666666667 1.58333333333 58.45 0.0 
2017-03-28:0.0 60.0 46.9666666667 0.0 0.0 0.366666666667 0.0 0.0 0.0 0.0 0.0 29.9833333333 2.7 22.25 5.56666666667 1.51666666667 0.0 6.86666666667 3.03333333333 2.35 2.73333333333 9.23333333333 1.33333333333 0.75 
2017-03-29:25.3333333333 0.0 0.0 0.0 0.0 0.0 0.0 0.166666666667 0.0 0.0 0.0 2.51666666667 0.316666666667 15.8333333333 0.15 0.0 1.05 6.36666666667 6.21666666667 2.11666666667 1.21666666667 1.18333333333 11.6333333333 55.25 
2017-03-30:0.0 20.9166666667 0.2 26.4333333333 0.0 0.0 0.0 0.0666666666667 0.733333333333 1.75 0.0 53.3 2.1 11.7333333333 8.98333333333 0.0 0.0 9.25 10.8833333333 1.3 0.0 0.15 0.0 1.48333333333 
2017-03-31:4.8 0.0 1.51666666667 6.35 6.08333333333 0.0 0.0 0.0 0.0 0.0 0.0 1.26666666667 0.4 1.45 12.65 32.1 3.35 5.25 0.0 0.166666666667 0.0 9.03333333333 24.5333333333 29.6333333333 
2017-04-01:0.0 60.0 50.5666666667 0.0 0.0 0.0 0.0 0.0666666666667 30.7166666667 0.0 6.33333333333 0.116666666667 0.0 59.1666666667 0.0 0.0666666666667 15.85 2.51666666667 0.383333333333 0.0 60.0 1.23333333333 5.45 15.3666666667 
2017-04-02:0.183333333333 0.0 0.0 0.0 0.0 0.0 0.0 0.0 0.0 0.0 0.0 1.78333333333 31.8 0.0 0.0 39.6666666667 14.7333333333 2.86666666667 17.9333333333 0.416666666667 6.75 0.0 0.0 0.0 
2017-04-03:16.0 14.9 0.0 0.0 60.0 21.1333333333 0.0 0.0 0.0 0.0 3.1 16.3333333333 0.0 8.73333333333 7.78333333333 19.65 23.1333333333 0.1 44.9333333333 5.5 34.2 8.48333333333 7.96666666667 0.0 
2017-04-04:58.2166666667 0.0 0.0 0.0 0.0 0.0 0.0 0.0 1.25 31.0333333333 0.433333333333 3.13333333333 15.6166666667 0.233333333333 0.0 19.5166666667 39.7333333333 11.55 15.6666666667 20.6333333333 60.0 13.0 1.61666666667 0.0 
2017-04-05:0.0 10.65 5.85 0.0 35.2333333333 0.0 0.0 0.0 0.0 0.416666666667 1.25 1.16666666667 0.283333333333 0.0 2.18333333333 0.0666666666667 2.68333333333 1.93333333333 0.0 0.0 0.0 4.18333333333 3.16666666667 0.0 
2017-04-06:6.1 23.0 28.5833333333 0.0 0.0 0.0 0.0 0.0 3.83333333333 12.8666666667 4.51666666667 0.65 1.01666666667 2.06666666667 0.0 6.5 2.83333333333 42.3 10.7666666667 20.2833333333 29.3833333333 48.1666666667 37.15 3.16666666667 
2017-04-07:47.0 12.6166666667 0.0 0.0 0.0 0.0 0.0 0.0 0.0 0.0 5.0 7.86666666667 0.0 4.7 22.9666666667 12.85 0.2 3.56666666667 0.0 4.18333333333 0.0 0.0 0.0 0.0 
2017-04-08:0.0 0.0 48.7166666667 0.0 0.0 0.0 0.0 0.0 0.0 0.0 1.63333333333 53.4333333333 0.0 42.9333333333 0.0 15.2 0.0 0.0 8.46666666667 12.7333333333 0.0 0.0 0.233333333333 19.25 
2017-04-09:0.0 0.0 5.7 17.15 0.0 0.0 0.0 0.0 0.0 0.0 0.166666666667 0.0 2.91666666667 0.0 7.9 3.63333333333 0.0 2.05 9.78333333333 12.4833333333 2.83333333333 0.0 8.55 0.0 
2017-04-10:0.0 0.0 24.0833333333 0.0 17.9 0.0 0.0 0.0 0.0 2.11666666667 2.0 11.7 0.0 0.0 1.58333333333 0.0 3.7 5.88333333333 1.51666666667 0.0 1.31666666667 0.0 0.0 0.0 
2017-04-11:1.16666666667 0.0 0.0 0.0 29.7166666667 0.0 0.0 0.0 0.0 13.25 1.73333333333 0.0 2.8 0.0 5.55 15.2166666667 1.75 2.38333333333 8.35 0.133333333333 0.116666666667 2.05 0.0 0.0 
2017-04-12:0.0 0.0 0.0 0.0 22.85 0.0 0.0 0.0 0.0 0.416666666667 0.266666666667 1.51666666667 0.0 0.0 4.9 2.55 4.41666666667 0.433333333333 16.3 1.31666666667 0.65 0.0 1.53333333333 1.55 
2017-04-13:5.03333333333 0.0 0.0 1.53333333333 0.0 14.2166666667 0.0 0.0 0.0 5.93333333333 1.01666666667 0.0 7.35 3.38333333333 4.98333333333 5.51666666667 7.16666666667 9.4 0.866666666667 0.0666666666667 5.78333333333 1.21666666667 8.18333333333 2.88333333333 
2017-04-14:47.6666666667 0.583333333333 2.15 0.0 15.7833333333 0.0 0.0 0.0 0.0 5.56666666667 0.0 0.2 0.0 0.4 20.0166666667 9.38333333333 20.55 14.2666666667 1.05 0.816666666667 9.08333333333 6.91666666667 1.71666666667 0.0 
2017-04-15:6.83333333333 29.5 40.4333333333 0.0 0.0 0.0 0.0 0.0 0.0 0.0 0.0 2.58333333333 9.15 1.8 9.96666666667 0.0666666666667 0.0 8.75 0.0 1.51666666667 0.0 0.55 0.0 0.0 
2017-04-16:26.7 0.0 0.0 0.0 0.0 0.0 0.0 0.0 0.0 0.0 0.383333333333 24.65 2.46666666667 2.31666666667 0.0 10.0166666667 5.83333333333 1.05 0.5 1.78333333333 0.0 0.0 0.0 0.0 
2017-04-17:0.0 29.6333333333 0.0 0.0 0.0 0.0 0.0 0.0 0.0 1.81666666667 16.2666666667 0.0 1.75 4.71666666667 0.0 0.0 0.0 3.4 0.0 0.0 0.0 0.0 9.9 3.35 
2017-04-18:0.0 10.8666666667 10.3166666667 0.0 0.0 0.0 0.0 0.0 1.15 3.3 3.05 1.41666666667 5.1 0.0 2.23333333333 22.5 5.38333333333 8.41666666667 2.66666666667 0.9 0.616666666667 0.0 2.5 0.0 
2017-04-19:5.1 0.05 19.7166666667 0.0 0.0 0.0 0.0 0.0 0.0 1.03333333333 0.95 0.716666666667 1.56666666667 2.1 23.25 0.0 8.71666666667 18.05 0.0 0.0 10.0166666667 3.53333333333 11.7166666667 0.0 
2017-04-20:0.0 10.4166666667 0.0 0.0 0.0 0.0 0.0 0.0 5.63333333333 2.63333333333 5.11666666667 0.75 0.0 1.26666666667 7.1 1.3 2.38333333333 0.0 7.25 10.1666666667 6.3 0.0 5.1 0.0 
2017-04-21:1.46666666667 9.81666666667 0.0 0.0 0.0 0.0 0.0 0.0 0.2 0.316666666667 0.0 17.2666666667 11.7333333333 60.0 38.8166666667 13.3 0.316666666667 10.2166666667 60.0 14.9 21.5833333333 15.1333333333 6.85 14.1333333333 
2017-04-22:60.0 11.3166666667 0.0 0.0 0.0 0.0 0.0 0.0 2.33333333333 16.3666666667 0.866666666667 31.3833333333 0.216666666667 5.26666666667 0.333333333333 0.583333333333 0.683333333333 0.183333333333 1.63333333333 0.0 0.116666666667 11.25 8.01666666667 0.0 
2017-04-23:0.0666666666667 40.0333333333 0.0 0.0 0.0 0.0 0.0 0.0 0.0 0.0 0.283333333333 0.0 7.93333333333 0.516666666667 18.6333333333 24.5666666667 1.66666666667 0.0 2.03333333333 5.5 0.0833333333333 0.133333333333 0.0 17.3 
2017-04-24:10.4166666667 0.0 0.05 60.0 8.16666666667 0.0 0.0 0.0 0.0 0.0 0.283333333333 11.2 0.0 0.616666666667 1.16666666667 0.0 0.0 2.78333333333 6.83333333333 9.41666666667 0.95 0.0 13.5166666667 0.0 
2017-04-25:8.31666666667 0.0 13.2666666667 0.0 0.0 0.0 0.0 0.0 0.516666666667 2.88333333333 0.116666666667 2.06666666667 12.2166666667 0.4 0.0 39.8666666667 26.8833333333 0.0 22.7333333333 0.233333333333 55.05 21.15 33.2 34.8833333333 
2017-04-26:56.2833333333 0.0 0.0 0.0 0.0 0.0 0.0 0.0 0.1 0.05 2.7 30.4166666667 1.75 0.0 12.0833333333 13.7 3.2 4.25 14.05 9.63333333333 0.0 12.0333333333 17.25 21.2166666667 
2017-04-27:6.91666666667 0.0 0.0 0.0 0.0 0.0 0.0 0.0 1.06666666667 2.53333333333 1.33333333333 3.21666666667 1.21666666667 10.2333333333 1.46666666667 13.8666666667 25.7333333333 60.0 9.48333333333 32.8166666667 8.56666666667 0.0 3.93333333333 1.8 
2017-04-28:0.0 3.16666666667 5.25 26.7166666667 0.0 0.0 0.0 0.0 36.8 37.1666666667 12.0833333333 16.4666666667 0.0 0.65 9.05 37.0833333333 0.0 0.483333333333 0.0 0.0 1.15 1.53333333333 0.0 5.21666666667 
2017-04-29:0.0 48.5 0.0 0.0 0.0 0.0 0.0 0.0 3.91666666667 60.0 60.0 43.3666666667 21.2666666667 22.2 5.93333333333 21.7166666667 9.28333333333 40.1333333333 60.0 42.8333333333 6.85 2.2 2.83333333333 13.5833333333 
2017-04-30:5.76666666667 57.3 0.0 0.0 0.0 0.0 0.0 0.0 0.0 24.9 0.0 0.9 0.0 5.38333333333 5.51666666667 2.18333333333 1.88333333333 0.583333333333 17.6166666667 23.3833333333 3.36666666667 18.3 0.0 8.6 
2017-05-01:5.1 0.0 0.0 0.0 0.0 0.0 0.0 0.0 0.283333333333 38.9666666667 34.7833333333 0.683333333333 0.0 0.0 0.0 0.0 0.0 0.0 0.0 0.0 0.0 0.0 0.0 0.0 
2017-05-02:0.0 15.0833333333 0.0 18.4833333333 0.0 0.0 0.0 0.0 1.08333333333 14.25 1.33333333333 2.06666666667 7.35 1.98333333333 3.81666666667 18.35 11.95 9.33333333333 4.1 3.03333333333 2.91666666667 5.71666666667 60.0 18.9666666667 
2017-05-03:0.0 0.0 0.0 0.0 0.0 0.0 0.133333333333 0.0 0.0 1.01666666667 2.41666666667 14.3833333333 0.583333333333 0.316666666667 15.4333333333 2.5 12.7333333333 25.05 1.76666666667 0.316666666667 1.6 0.3 27.0833333333 40.95 
2017-05-04:0.0 0.0 38.3 0.0 0.0 0.0 0.0 0.0 0.666666666667 1.55 2.46666666667 1.25 2.66666666667 0.0 0.5 2.0 0.716666666667 9.46666666667 1.53333333333 37.0333333333 0.0 0.0 0.05 6.56666666667 
2017-05-05:13.9833333333 0.0 0.0 0.0 0.0 0.0 0.0 0.0 1.18333333333 1.63333333333 19.3833333333 4.81666666667 0.316666666667 0.0666666666667 3.88333333333 28.85 14.05 5.46666666667 20.85 60.0 60.0 21.25 13.9333333333 7.58333333333 
2017-05-06:0.0833333333333 0.433333333333 0.0 0.0 0.0 0.0 0.0 0.0 0.0 0.0 12.1 0.0 4.73333333333 60.0 8.61666666667 56.5333333333 5.1 0.0 0.0 12.4666666667 7.05 0.0 0.0 20.3166666667 
2017-05-07:1.06666666667 5.71666666667 60.0 15.95 0.0 0.0 0.0 22.4 43.25 13.8666666667 8.13333333333 49.2666666667 0.0 11.85 5.16666666667 0.133333333333 0.883333333333 4.65 40.7833333333 24.9833333333 0.0 5.08333333333 19.6666666667 0.0 
2017-05-08:0.0 0.0 10.6 0.0 0.0 0.0 0.0 0.0 0.0 58.9 60.0 2.61666666667 0.0 1.61666666667 0.0 0.0 2.4 21.8 1.36666666667 0.0 56.65 0.05 0.233333333333 16.1833333333 
2017-05-09:0.0 0.0 0.216666666667 22.55 0.0 0.0 0.0 0.0 32.5166666667 15.3 6.71666666667 1.58333333333 1.5 1.53333333333 0.05 24.3833333333 42.0333333333 23.8666666667 4.58333333333 50.9166666667 22.85 25.2 10.55 0.0 
2017-05-10:22.4333333333 0.0 0.0 0.0 0.0 0.0 0.0 0.0 1.63333333333 0.0 17.6333333333 3.36666666667 0.0 0.55 10.2333333333 18.15 12.3 30.3 0.533333333333 5.66666666667 14.3166666667 0.0 0.45 11.95 
2017-05-11:7.9 0.0 8.75 2.6 8.63333333333 17.0833333333 0.0 0.0 1.15 22.0833333333 3.26666666667 1.0 21.6333333333 0.0 0.0666666666667 17.9833333333 21.0666666667 57.8166666667 16.9166666667 7.21666666667 0.0 60.0 17.65 0.0 
2017-05-12:0.0 0.0 22.6 0.0 0.0 0.0 0.0 0.0 3.35 0.05 7.6 4.3 15.9166666667 0.0833333333333 7.88333333333 0.0 59.8833333333 20.6 23.4666666667 5.15 24.3166666667 0.0 0.0 0.0 
2017-05-13:18.45 0.55 0.0 60.0 6.51666666667 0.0 0.0 0.0 0.0 0.0 0.0 35.2833333333 0.266666666667 0.116666666667 24.2666666667 3.71666666667 1.96666666667 0.533333333333 4.06666666667 0.0 0.0 0.0 9.76666666667 0.433333333333 
2017-05-14:15.3 14.75 0.0 18.6666666667 0.0 0.0 0.0 0.0 0.0666666666667 0.0 0.0 0.0 1.03333333333 0.0 33.8 5.98333333333 8.63333333333 1.35 0.0 13.2833333333 28.35 41.0666666667 0.0 0.0 
2017-05-15:0.0 0.0 0.0 0.0 0.0 42.5166666667 24.55 0.0 4.75 2.61666666667 0.0 0.15 6.85 8.75 4.5 0.483333333333 23.4833333333 1.88333333333 0.283333333333 11.2166666667 8.31666666667 0.0 0.533333333333 0.0 
2017-05-16:0.0 0.0 14.9 0.0 0.0 0.0 0.0 0.15 0.166666666667 24.9666666667 12.4666666667 5.85 11.5666666667 0.716666666667 0.05 19.9333333333 9.73333333333 0.0 0.0 1.55 0.0 11.2833333333 21.15 0.966666666667 
2017-05-17:0.0 0.0 0.0 2.61666666667 22.0166666667 0.0 0.0 0.3 8.8 0.0 7.51666666667 2.38333333333 2.65 0.0 4.58333333333 0.0 4.93333333333 0.0 20.7833333333 0.0 1.28333333333 0.0 3.05 0.0 
2017-05-18:0.0 0.0 33.8 0.0 0.0 0.0 0.0 0.383333333333 1.71666666667 1.0 3.21666666667 18.7666666667 11.5166666667 0.0833333333333 1.66666666667 4.15 6.83333333333 0.116666666667 10.25 4.86666666667 0.0 10.8833333333 4.21666666667 3.81666666667 
2017-05-19:3.21666666667 3.81666666667 0.0 0.0 0.0 1.01666666667 10.4666666667 11.1833333333 1.7 4.65 11.0833333333 6.7 0.0 21.5166666667 0.65 10.7166666667 13.5 1.78333333333 2.88333333333 0.0833333333333 0.45 2.05 0.0 0.95 
2017-05-20:0.0 0.0 0.0 0.0 0.0 0.0 0.0 0.0 0.0 0.433333333333 9.36666666667 5.61666666667 0.0 28.5833333333 15.9333333333 2.48333333333 2.3 23.2333333333 5.06666666667 6.56666666667 3.21666666667 17.2333333333 15.1333333333 26.2 
2017-05-21:60.0 60.0 14.0833333333 1.38333333333 0.0 0.416666666667 0.0 0.0 0.0 0.0 28.0 27.6166666667 41.2 34.1 0.0 54.75 5.63333333333 10.4166666667 14.6666666667 3.18333333333 3.8 15.9333333333 24.9166666667 0.583333333333 
2017-05-22:21.4666666667 0.0 0.0 0.0 0.0 0.0 0.0 0.0 4.21666666667 60.0 1.68333333333 1.88333333333 13.2833333333 7.06666666667 6.38333333333 24.0666666667 60.0 7.05 0.0 0.0 4.85 59.25 0.0 0.0 
2017-05-23:0.0 1.63333333333 0.0 0.0 0.0 0.0 0.0 0.75 0.0 0.583333333333 3.55 8.08333333333 8.63333333333 0.0 0.616666666667 27.8333333333 37.0333333333 0.133333333333 0.0 0.05 7.38333333333 0.0 0.266666666667 0.333333333333 
2017-05-24:0.0 60.0 44.3 0.0 0.0 0.0 0.0 0.483333333333 40.9166666667 1.05 3.2 3.63333333333 0.683333333333 0.0 1.3 30.4666666667 9.01666666667 15.3 0.0 0.0 3.73333333333 0.816666666667 0.0 0.0 
2017-05-25:44.2833333333 10.1 24.1666666667 0.0 0.0 0.0 0.0 0.0 2.55 3.35 5.85 1.38333333333 6.61666666667 0.816666666667 0.75 1.35 42.6166666667 0.0 0.0 0.0 0.0 0.0 0.0 0.0 
2017-05-26:0.0 15.75 11.8666666667 0.0 0.0 0.0 0.0 0.0 0.383333333333 11.2666666667 22.55 0.25 3.41666666667 10.0833333333 26.2333333333 2.86666666667 0.283333333333 1.0 14.8166666667 1.18333333333 0.0 0.633333333333 5.2 0.25 
2017-05-27:1.85 0.0 0.0 10.15 0.0 0.0 0.0 0.0 0.0 0.0 0.0 0.416666666667 0.0 0.0 0.0 45.6333333333 1.66666666667 0.716666666667 0.0 0.0 0.4 11.2666666667 28.0666666667 0.0 
2017-05-28:0.0 0.0 0.0 0.0 0.0 0.0 0.0 0.0 0.0 0.0 0.0 0.65 39.4 11.3666666667 19.75 60.0 27.2666666667 60.0 53.3666666667 2.1 0.0 0.0 60.0 60.0 
2017-05-29:60.0 60.0 41.6 0.0 0.0 0.0 0.0 0.0 0.1 0.0833333333333 28.4 30.15 17.3 60.0 44.4 0.0 2.76666666667 5.13333333333 19.7333333333 0.166666666667 0.0 0.2 0.0 0.0 
2017-05-30:7.96666666667 3.58333333333 29.4333333333 0.0 0.0 0.0 0.0 0.0 2.4 30.0666666667 0.133333333333 24.6 5.93333333333 0.133333333333 0.0 11.2666666667 3.53333333333 2.56666666667 0.0 0.0 1.41666666667 0.116666666667 1.88333333333 0.0666666666667 
2017-05-31:0.0 40.1666666667 0.0 0.0 0.0 0.0 0.0 0.0 3.11666666667 55.55 0.2 14.1333333333 0.75 0.25 3.91666666667 5.3 9.55 3.66666666667 0.0 0.0 4.35 23.75 4.55 3.61666666667 
2017-06-01:1.73333333333 0.0 15.0833333333 0.0 0.0 0.0 0.0 0.0 0.133333333333 27.0 0.783333333333 9.3 2.06666666667 0.0 0.166666666667 9.46666666667 5.05 10.4166666667 0.0 60.0 14.8166666667 17.4166666667 32.75 0.0833333333333 
2017-06-02:1.71666666667 19.6833333333 0.0 0.0 0.0 0.0 0.0 0.0 0.0 1.13333333333 4.7 11.0 0.45 5.7 8.41666666667 3.81666666667 25.6666666667 0.15 0.05 2.6 0.0 14.2833333333 24.3833333333 7.68333333333 
2017-06-03:18.25 0.0 0.0 0.0 0.0 0.0 0.0 0.0 0.0 0.0 20.4666666667 0.0 25.5333333333 12.3833333333 0.0 1.06666666667 10.4333333333 0.133333333333 0.0 0.0 12.25 44.3166666667 0.0 32.05 
2017-06-04:0.0 0.0 0.0 53.3333333333 0.0 0.0 0.0 0.0 0.0 0.0 3.06666666667 0.0 0.0 24.2166666667 1.85 3.76666666667 16.1 13.75 44.6833333333 0.0 0.0 0.0 0.0 0.0 
2017-06-05:0.0 8.36666666667 0.0 0.0 25.95 0.0 0.0 0.0 0.0 0.0 2.16666666667 2.8 5.5 19.2333333333 41.0 0.0 2.13333333333 4.93333333333 1.96666666667 14.7333333333 60.0 18.6166666667 60.0 60.0 
2017-06-06:5.9 1.16666666667 0.0 0.0 1.18333333333 10.8666666667 0.0 0.0 0.0 0.0 0.233333333333 0.716666666667 5.38333333333 7.68333333333 6.0 13.7333333333 3.75 1.35 0.45 9.76666666667 0.0 42.5 1.5 0.0 
2017-06-07:0.0 12.95 0.0 30.1333333333 0.0 0.0 0.0 0.0 0.05 0.0 0.0 60.0 8.45 2.85 10.15 4.93333333333 16.1833333333 0.0 0.0 0.116666666667 60.0 11.5 0.0 0.0 
2017-06-08:0.0 0.0 0.0 0.0 43.4166666667 14.2166666667 0.0 0.0 2.0 0.0 9.25 1.73333333333 2.01666666667 11.45 1.23333333333 4.98333333333 1.05 38.65 0.0 0.0 51.95 0.0 0.0 4.4 
2017-06-09:0.0 26.6166666667 0.0 0.0 0.0 0.0 0.0 0.0 0.0 2.71666666667 21.4166666667 7.83333333333 0.0 2.23333333333 6.23333333333 0.766666666667 0.0 0.0 3.91666666667 10.8166666667 0.0 0.0 0.0 0.0 
2017-06-10:0.3 0.0 0.0 1.46666666667 0.0 0.0 0.0 0.0 0.0 4.78333333333 3.95 1.46666666667 13.1833333333 3.28333333333 2.11666666667 4.88333333333 0.766666666667 0.0 25.1666666667 0.0 0.0 0.0 0.0 0.0 
2017-06-11:0.0 0.0 0.0 0.0 0.0 0.0 0.0 0.0 9.05 0.0 0.0 36.4166666667 0.0 13.4166666667 0.0 3.45 0.0 0.0 17.9 0.0 0.65 0.0 10.95 0.0 
2017-06-12:0.0 10.5166666667 17.1833333333 0.0 0.0 0.0 0.0 0.0 0.1 0.0 13.6 9.21666666667 0.533333333333 2.0 1.56666666667 45.75 1.16666666667 0.35 0.0 0.0 0.0 1.4 27.1666666667 0.0 
2017-06-13:0.0 0.0 20.0 0.0 0.0 0.0 0.0 0.0 0.0 47.35 0.0 14.6166666667 0.0666666666667 3.03333333333 10.4833333333 2.1 2.28333333333 1.2 1.55 4.1 0.0 0.0 0.05 1.71666666667 
2017-06-14:2.43333333333 0.0 1.65 0.3 0.0 0.0 0.0 0.0 0.0666666666667 21.75 2.21666666667 2.08333333333 0.0 0.0 10.7 2.4 0.0 22.3 42.85 51.65 0.0 0.0 0.166666666667 0.0 
2017-06-15:0.0 0.0 3.28333333333 0.0 2.65 0.0 0.0 0.0 0.0 3.0 0.0 12.8666666667 0.0 3.36666666667 5.56666666667 12.9666666667 0.0 1.63333333333 2.01666666667 0.0 0.0 0.0 0.0 0.0 
2017-06-16:0.0 0.0 0.0 0.0 0.0 0.566666666667 1.18333333333 0.0 0.0 2.13333333333 0.116666666667 7.25 1.66666666667 1.43333333333 60.0 31.6166666667 1.15 15.6833333333 0.0 12.55 0.0 0.0 0.0 0.0 
2017-06-17:0.0 0.0 10.3666666667 7.0 0.0 1.31666666667 0.0 0.0 0.0 0.566666666667 0.0 14.4 42.6 0.0 3.45 0.0 4.3 48.1833333333 0.0 2.06666666667 16.1166666667 0.0 6.98333333333 0.483333333333 
2017-06-18:0.0 0.0 0.0 0.0 0.0 0.0 0.0 0.0 0.0 0.0 0.65 17.8 0.0 0.0 0.0 0.0 1.83333333333 0.1 0.05 9.83333333333 0.0 0.0 0.0 32.1 
2017-06-19:0.0 0.0 0.0 0.0 0.0 0.0 0.0 0.0 0.683333333333 60.0 18.95 0.583333333333 0.233333333333 0.0 1.83333333333 26.8333333333 0.0 0.0 0.85 21.9166666667 0.0 11.5666666667 31.0 12.45 
2017-06-20:0.0 0.0 14.8833333333 0.0 0.0 0.0 0.0 0.0 0.0 0.616666666667 12.2666666667 60.0 2.26666666667 0.0 0.316666666667 26.1 19.4166666667 0.75 38.3833333333 30.8833333333 6.46666666667 55.5 0.0 5.16666666667 
2017-06-21:7.81666666667 5.55 12.6166666667 0.0 0.0 0.0 0.0 0.0 0.0 0.0 0.116666666667 0.0 25.5166666667 6.43333333333 54.9666666667 4.58333333333 0.0 5.46666666667 0.0666666666667 0.0 22.2333333333 1.58333333333 0.0 9.46666666667 
2017-06-22:0.0 13.3166666667 0.0 0.0 0.0 0.0 0.0 0.0 0.0 50.1 0.0 23.85 22.4833333333 17.1333333333 2.93333333333 10.2333333333 14.35 8.81666666667 1.06666666667 0.0 0.0 0.0 0.0 0.0 
2017-06-23:1.91666666667 13.3 0.35 0.0 0.0 0.0 0.383333333333 33.55 2.2 60.0 53.6666666667 9.38333333333 52.5166666667 7.83333333333 23.7833333333 33.1333333333 11.8333333333 60.0 35.7166666667 0.2 60.0 60.0 15.4166666667 13.3666666667 
2017-06-24:0.0 23.7833333333 39.2666666667 0.0 0.0 0.0 0.0 8.0 31.0666666667 0.85 0.233333333333 25.65 0.55 44.3166666667 4.3 39.6833333333 24.5666666667 13.6833333333 5.05 8.2 45.5333333333 0.0 1.33333333333 60.0 
2017-06-25:60.0 0.0666666666667 0.0 0.0 0.0 0.0 0.0 0.0 0.0 18.9166666667 2.21666666667 3.8 32.4 0.0 36.25 1.85 49.2 0.05 9.48333333333 0.566666666667 2.08333333333 21.9333333333 17.4166666667 8.85 
2017-06-26:6.21666666667 0.0 0.0 0.0 0.0 0.0 0.0 0.0 5.81666666667 60.0 1.35 2.01666666667 1.8 5.46666666667 0.0 1.58333333333 35.8333333333 13.05 15.1166666667 4.06666666667 1.25 60.0 6.95 0.0 
2017-06-27:2.8 16.1833333333 0.0 0.0 0.0 0.0 0.0 0.75 0.0 44.5333333333 0.483333333333 7.56666666667 0.0 0.0 0.0 1.88333333333 26.6 0.0 0.0 0.0 0.116666666667 0.0 6.46666666667 0.95 
2017-06-28:0.65 25.4333333333 0.0 0.0 0.0 0.0 0.0 0.0 2.48333333333 3.36666666667 1.96666666667 0.366666666667 60.0 12.6833333333 12.9833333333 0.0 0.05 0.266666666667 0.733333333333 6.28333333333 0.0 43.1166666667 11.75 8.2 
2017-06-29:39.6166666667 0.0 0.0 13.65 0.0 0.0 0.116666666667 0.0 0.0 3.08333333333 59.9 14.25 8.1 13.7833333333 13.1166666667 0.0 0.666666666667 0.0 0.0 0.0 6.26666666667 2.28333333333 0.133333333333 4.48333333333 
2017-06-30:0.0 0.0 43.55 0.95 0.0 0.0 0.0 0.0 0.433333333333 0.0 6.83333333333 39.4333333333 2.38333333333 27.8833333333 0.883333333333 29.9333333333 0.0 5.11666666667 18.8 14.4833333333 0.283333333333 0.0 2.18333333333 24.45 
2017-07-01:5.98333333333 0.0 0.15 0.0 0.0 0.0 0.0 0.0 0.0 0.0 1.68333333333 1.81666666667 57.15 36.0333333333 0.0 0.0 0.0 23.4666666667 27.0666666667 9.68333333333 13.8166666667 17.15 0.0 11.1666666667 
2017-07-02:54.9666666667 0.0 0.0 0.0 0.0 0.0 0.0 0.0 0.0 0.0 0.283333333333 0.0 20.9333333333 32.1166666667 0.0 15.9333333333 0.216666666667 8.13333333333 13.3 7.98333333333 0.533333333333 46.8666666667 16.4 41.95 
2017-07-03:60.0 60.0 14.3333333333 0.0 0.0 0.0 0.0 0.0 0.0 0.0 0.0 1.05 0.0 60.0 51.6333333333 8.43333333333 6.6 32.9333333333 38.4666666667 16.25 33.45 11.0666666667 33.7333333333 45.8 
2017-07-04:20.2666666667 60.0 9.86666666667 0.0 0.0 0.0 0.0 0.0 1.25 0.0 11.3166666667 60.0 31.3666666667 2.01666666667 6.71666666667 8.3 0.116666666667 19.5666666667 43.9 19.6 16.0333333333 60.0 14.7166666667 20.9 
2017-07-05:0.0 4.58333333333 0.0 0.0 0.0 0.0 0.0 0.0 5.03333333333 34.7333333333 0.0 6.36666666667 44.5833333333 0.15 2.56666666667 25.9333333333 60.0 10.4666666667 2.0 0.0 25.9333333333 1.55 5.61666666667 59.4 
2017-07-06:0.0 13.8 60.0 15.8666666667 0.0 0.0 0.0 0.0 0.4 0.0 0.0 30.25 0.0 1.21666666667 5.68333333333 15.35 20.4833333333 0.0 0.0 0.0 4.06666666667 0.5 0.0 0.0 
2017-07-07:0.583333333333 0.0 0.0 0.0 27.5166666667 0.0 0.0 0.0 0.0 0.0 2.65 17.3833333333 14.0666666667 14.5 1.4 2.3 0.25 3.33333333333 0.0 60.0 6.75 0.0 2.38333333333 0.0 
2017-07-08:0.0 0.0 39.35 3.65 0.0 0.0 0.0 0.0 0.0 0.0 0.0 10.7 36.9 16.5666666667 0.0 23.4833333333 13.5166666667 16.9333333333 6.06666666667 16.7166666667 4.58333333333 5.76666666667 39.5 0.116666666667 
2017-07-09:0.0 0.0 0.0 0.0 0.0 26.8333333333 0.0 0.0 0.0 0.0 0.0 3.41666666667 0.0 33.7333333333 8.01666666667 0.0 0.0 0.533333333333 1.28333333333 0.0 8.75 0.0 0.0 60.0 
2017-07-10:23.15 0.0 36.55 0.0 0.0 0.0 0.0 0.0 51.6666666667 4.88333333333 4.43333333333 4.2 0.05 37.0666666667 22.6333333333 0.0 16.3 0.0 0.0 3.76666666667 9.28333333333 0.0 2.25 0.0 
2017-07-11:1.86666666667 0.666666666667 0.0 18.35 0.0 0.0 0.0 0.0 0.0 0.466666666667 6.46666666667 47.6333333333 0.1 30.5 60.0 11.1833333333 1.88333333333 0.0 0.0 0.0 0.0 53.1 8.1 0.0 
2017-07-12:0.0 0.0 0.0 8.26666666667 0.0 0.0 0.0 0.0 0.0 0.0 0.0 0.0 11.7 34.5666666667 55.8333333333 0.133333333333 0.0 1.63333333333 0.0 49.2833333333 31.7833333333 0.0 0.0 0.0 
2017-07-13:19.6166666667 0.0 0.0 0.0 0.2 0.0 0.0 0.0 0.0 0.0 3.46666666667 60.0 8.3 0.0 10.8833333333 20.3666666667 8.91666666667 4.43333333333 1.08333333333 25.4333333333 60.0 23.0166666667 0.0 34.8166666667 
2017-07-14:0.0 0.0 0.0 0.0 0.0 0.0 0.0 0.0 29.9166666667 26.3333333333 0.15 20.9 18.8333333333 18.1666666667 11.2166666667 21.1 13.0 4.76666666667 0.0 0.0 0.0 1.03333333333 5.06666666667 7.26666666667 
2017-07-15:0.0 14.4 60.0 37.1833333333 0.0 0.0 0.0 0.0 0.0 0.0 12.45 0.0 2.98333333333 0.35 60.0 11.65 20.85 3.06666666667 0.0 0.0 0.0 0.0 8.65 46.8333333333 
2017-07-16:0.0 3.13333333333 0.0 0.0 0.0 0.0 0.0 0.0 0.0 0.0 0.966666666667 0.0 0.0 21.4666666667 37.9 22.9 36.8833333333 3.78333333333 14.6166666667 26.0333333333 7.9 8.63333333333 9.65 0.0 
2017-07-17:60.0 10.65 0.0 0.0 0.0 0.0 0.0 0.0 0.1 34.4666666667 0.0 0.0 8.95 2.36666666667 0.0 0.0 0.0 0.0 47.6666666667 0.0 0.0 0.0 0.0 3.85 
2017-07-18:10.9166666667 60.0 9.71666666667 0.0 0.0 0.0 0.0 0.0 6.66666666667 0.0 0.0 0.05 0.0 15.2 1.35 0.0 0.0 0.6 3.2 0.0 0.0 24.2333333333 39.0333333333 22.55 
2017-07-19:0.0 47.8166666667 0.0 0.0 0.0 0.0 0.0 0.0 10.3 11.9333333333 0.0 19.4666666667 2.58333333333 14.6333333333 0.0 8.41666666667 0.0 47.5833333333 24.3 18.75 0.0 8.31666666667 30.25 51.0833333333 
2017-07-20:0.45 0.0 0.0 0.0 0.0 0.0 0.0 0.0 0.0 0.0 0.0 0.0 0.0 0.0 11.05 0.683333333333 2.5 0.0 0.0 0.0 0.0 0.0666666666667 0.116666666667 0.0 
2017-07-21:0.0 0.0 0.0 0.0 0.0 0.0 0.0 0.0 0.0 0.0 8.11666666667 9.18333333333 6.23333333333 3.5 60.0 15.6833333333 60.0 12.25 2.88333333333 7.6 3.36666666667 0.0 3.75 33.5166666667 
2017-07-22:3.1 0.0 0.0 0.0 0.0 0.0 0.0 0.0 0.0 0.0 5.1 0.0 14.5166666667 0.05 0.0666666666667 0.0 0.0 4.78333333333 1.01666666667 9.61666666667 2.75 0.05 17.4666666667 0.0 
2017-07-23:37.9666666667 49.35 0.0 0.0 0.0 2.26666666667 60.0 35.6666666667 60.0 60.0 35.4333333333 60.0 46.45 0.0 28.2833333333 44.6833333333 41.1 0.0 0.0 11.55 16.4 4.5 18.7333333333 39.4833333333 
2017-07-24:17.2166666667 5.58333333333 3.7 0.0 0.0 0.0 0.0 0.0 0.0 0.0 0.0 0.0 20.7666666667 6.36666666667 11.7833333333 8.76666666667 31.1166666667 9.16666666667 5.53333333333 4.86666666667 15.1 0.916666666667 22.95 18.3333333333 
2017-07-25:0.0 28.6666666667 16.35 0.0 0.0 0.0 0.0 0.2 1.56666666667 60.0 20.5 60.0 60.0 17.8333333333 37.35 60.0 60.0 28.1333333333 20.2166666667 0.0 7.63333333333 0.2 15.05 8.91666666667 
2017-07-26:22.8666666667 13.4666666667 0.1 0.0 0.0 0.0 0.0 0.0 0.0 0.0 1.18333333333 60.0 0.05 60.0 43.25 0.0 6.26666666667 4.55 8.06666666667 6.78333333333 60.0 20.3333333333 31.2666666667 0.0 
2017-07-27:3.56666666667 4.13333333333 0.0 0.0 0.0 0.0 0.0 0.0 0.0 17.5 0.0 5.48333333333 0.0 2.38333333333 0.0 4.83333333333 0.283333333333 0.0 0.0 29.6666666667 4.85 34.1166666667 3.4 0.0 
2017-07-28:0.0 0.0 20.0666666667 5.48333333333 0.0 0.0 0.0 0.0 0.0 0.0 0.0 6.4 20.45 30.7333333333 0.333333333333 6.3 8.7 22.5 3.41666666667 5.25 5.01666666667 3.06666666667 0.0 5.78333333333 
2017-07-29:60.0 60.0 18.7833333333 0.0 0.0 0.0 0.0 0.0 0.0 0.0 0.0 10.4166666667 0.0 60.0 2.4 34.7333333333 26.8 32.8333333333 0.0 0.0 38.3333333333 11.9666666667 0.0 6.75 
2017-07-30:60.0 43.4833333333 0.0 0.0 0.0 0.0 0.0 0.0 0.0 0.0 51.4333333333 0.183333333333 60.0 60.0 60.0 5.55 1.05 9.95 28.0666666667 60.0 60.0 11.8666666667 0.0 0.0 
2017-07-31:10.3833333333 60.0 60.0 0.95 0.0 0.0 0.0 0.0 16.05 17.5333333333 25.9666666667 0.0 57.5666666667 0.0 1.81666666667 0.0 15.1333333333 6.61666666667 24.8166666667 0.0 0.0 35.1666666667 1.01666666667 0.0 
2017-08-01:33.6 49.5 0.0 0.0 0.0 0.0 0.0 0.0 0.0 11.8833333333 4.31666666667 13.5833333333 2.5 9.83333333333 7.85 25.7166666667 0.883333333333 0.0 4.15 8.81666666667 0.0 27.3 24.9166666667 41.6166666667 
2017-08-02:24.0333333333 0.0 0.0 0.0 0.0 0.0 0.0 0.9 1.6 0.0 0.0 0.0 0.0 0.0 32.6666666667 20.1833333333 5.1 16.9833333333 0.0833333333333 32.9666666667 27.4166666667 6.41666666667 30.3 2.1 
2017-08-03:0.0 0.0 0.0 0.0 0.0 0.0 0.0 0.0 0.45 11.3666666667 0.183333333333 3.0 15.8833333333 0.0 26.5166666667 0.0 10.6 0.0 0.0 27.5833333333 0.783333333333 15.9333333333 10.5 24.1 
2017-08-04:0.0 4.35 0.0 11.3 13.9833333333 0.0 0.0 0.0 0.0 0.0 7.91666666667 60.0 60.0 60.0 32.85 0.0 0.3 1.18333333333 52.7 2.36666666667 11.5 21.25 0.0 7.68333333333 
2017-08-05:25.2166666667 0.0 0.0 0.0 0.0 0.0 0.0 0.0 0.0 0.0 0.516666666667 4.45 7.68333333333 52.3333333333 0.0 0.0 2.36666666667 0.0 0.0 60.0 54.8333333333 60.0 37.65 45.7 
2017-08-06:60.0 8.86666666667 0.0 0.0 0.0 0.0 0.0 0.0 0.0 0.35 60.0 13.55 8.51666666667 2.36666666667 5.3 21.2833333333 42.7 36.6666666667 48.5833333333 13.55 0.466666666667 16.7333333333 0.233333333333 36.5 
2017-08-07:0.0 35.7833333333 0.0 0.0 0.0 0.0 0.0 0.0 0.0666666666667 26.9833333333 15.4166666667 26.6833333333 0.0 0.0 2.33333333333 0.25 33.5 44.25 0.0 1.76666666667 0.0 18.1666666667 0.8 0.0 
2017-08-08:60.0 56.2166666667 0.0 0.0 0.0 0.0 0.0 0.0 0.0 0.166666666667 0.533333333333 52.35 24.0666666667 6.21666666667 13.4 0.0 2.11666666667 42.6 59.9166666667 2.21666666667 33.4166666667 18.6333333333 10.1333333333 0.3 
2017-08-09:0.0 0.0 0.0 0.0 0.0 0.0 2.88333333333 0.0 0.0 0.0 16.5333333333 21.7166666667 27.0 3.78333333333 0.0 0.0 0.433333333333 11.85 16.0833333333 0.0 1.25 1.5 29.4166666667 9.53333333333 
2017-08-10:0.0 45.1666666667 0.0 0.0 0.0 0.0 0.0 0.0 0.0 0.0 12.5666666667 36.55 0.883333333333 13.8833333333 60.0 21.4833333333 11.7333333333 0.816666666667 0.25 0.0 3.46666666667 4.13333333333 3.96666666667 0.0 
2017-08-11:0.0 60.0 54.1666666667 3.63333333333 0.0 0.0 0.0 0.0 0.0 0.0 0.116666666667 60.0 24.8833333333 42.8333333333 2.65 9.41666666667 0.383333333333 1.61666666667 16.6 13.5833333333 5.78333333333 16.8666666667 2.76666666667 0.0 
2017-08-12:5.2 22.5666666667 54.6333333333 0.0 0.0 0.0 0.0 0.0 0.0 1.6 6.98333333333 0.416666666667 0.0 0.6 20.15 0.0 36.6333333333 13.3333333333 0.0 18.35 23.8666666667 6.81666666667 0.0666666666667 4.88333333333 
2017-08-13:0.0 31.3166666667 0.0 0.0 0.0 0.0 0.0 0.0 0.0 29.5166666667 0.0 42.3833333333 13.0833333333 30.8166666667 11.1833333333 39.0666666667 5.75 23.35 13.6166666667 27.3 5.63333333333 11.6833333333 57.0666666667 0.0 
2017-08-14:60.0 13.2166666667 0.0 0.0 0.0 0.0 0.0 0.0 0.0 0.0 0.0 4.36666666667 14.4333333333 0.0 20.1833333333 34.0333333333 10.7666666667 11.9166666667 0.0 2.6 7.46666666667 0.0 48.0666666667 2.33333333333 
2017-08-15:0.6 0.0 15.4833333333 0.0 0.0 0.0 0.0 0.0 25.2333333333 0.15 12.2833333333 0.0 0.0 0.883333333333 4.03333333333 0.0 0.0 0.0 0.0 0.0 0.0 0.0 5.93333333333 0.0 
2017-08-16:0.0 11.8666666667 0.0 0.0 0.0 0.0 0.0 0.0 0.0 30.0833333333 17.0666666667 3.5 15.1 0.0 60.0 0.983333333333 1.56666666667 0.0 0.133333333333 10.5833333333 1.53333333333 0.0 0.0 0.0 
2017-08-17:0.0 0.0 0.0 0.0 0.0 0.0 0.0 45.2166666667 0.0 6.51666666667 1.53333333333 15.65 16.8333333333 2.96666666667 2.28333333333 4.11666666667 6.31666666667 4.6 22.7666666667 0.0 0.0 4.9 1.4 0.0 
2017-08-18:0.883333333333 0.0 0.0 0.0 0.0 0.0 0.0 0.0 0.0 7.78333333333 0.0 7.96666666667 0.0 4.93333333333 0.0 14.1833333333 0.0 0.0 0.0 7.71666666667 16.5 1.15 13.7 46.1166666667 
2017-08-19:4.93333333333 17.8166666667 0.0 0.0 0.0 0.0 0.0 0.0 0.466666666667 34.0833333333 60.0 33.1333333333 29.6 0.683333333333 50.5666666667 0.0 2.18333333333 48.2666666667 46.8 0.0 5.26666666667 50.9333333333 3.1 0.0 
2017-08-20:0.0 49.1666666667 0.0 0.0 0.0 0.0 0.0 0.0 0.0 4.45 48.45 0.0 15.0833333333 4.5 7.51666666667 60.0 29.8666666667 2.26666666667 3.68333333333 15.15 45.95 57.2666666667 47.6166666667 60.0 
2017-08-21:60.0 49.7833333333 19.3166666667 0.0 0.0 0.0 0.0 0.0666666666667 0.0 1.43333333333 43.8166666667 15.9 12.8 23.8 3.85 13.8833333333 31.8 1.83333333333 3.21666666667 2.5 1.35 3.65 6.15 49.95 
2017-08-22:26.2333333333 0.0 0.0 0.0 0.0 0.0 1.6 0.0 0.0 0.0 0.0 60.0 9.81666666667 33.4666666667 0.766666666667 5.9 17.5 0.0 0.0 29.8333333333 0.0 16.2833333333 0.0 0.0 
2017-08-23:54.85 0.0 0.0 0.0 0.0 0.0 0.0 0.0 0.0 0.0 30.35 2.53333333333 10.6333333333 14.2 30.85 15.5 0.216666666667 3.0 0.0 0.666666666667 7.43333333333 4.01666666667 2.0 0.433333333333 
2017-08-24:0.683333333333 0.933333333333 0.0 0.0 0.0 0.0 0.0 0.0 0.0 3.58333333333 60.0 23.1666666667 21.6 0.0 19.7333333333 34.6666666667 0.616666666667 23.9833333333 2.81666666667 22.8333333333 6.56666666667 39.65 22.2333333333 12.6166666667 
2017-08-25:21.1666666667 0.0 0.0 0.0 10.3333333333 0.0 0.0 0.0 0.0 0.183333333333 0.233333333333 14.6666666667 1.51666666667 10.15 9.7 6.21666666667 27.6333333333 0.216666666667 13.25 2.76666666667 0.166666666667 35.1666666667 16.2333333333 23.5833333333 
2017-08-26:2.25 0.533333333333 0.0 2.13333333333 0.0 0.0 0.0 0.0 0.0 0.0 0.2 14.1833333333 13.5333333333 0.0 0.0 3.05 0.0 0.0 0.0 0.0 0.0 8.51666666667 25.7 0.0 
2017-08-27:60.0 43.2 0.0 0.0 0.0 0.0 0.0 0.0 0.0 0.0 0.0 0.65 14.8666666667 2.38333333333 0.0 10.0166666667 13.1666666667 53.85 0.0 0.0 0.0 29.6166666667 0.0 32.2833333333 
2017-08-28:10.2333333333 0.0 0.0 0.0 0.0 0.0 0.0 0.0 0.0 0.0 6.73333333333 13.2833333333 6.38333333333 17.3833333333 1.91666666667 60.0 0.983333333333 0.0 0.0 0.6 0.0 4.78333333333 0.0 38.5333333333 
2017-08-29:7.18333333333 29.0166666667 0.0 0.0 0.0 0.0 0.0 0.0 0.0 0.0 38.85 5.55 1.63333333333 0.0 3.13333333333 0.0 0.716666666667 60.0 16.7833333333 20.1333333333 32.1833333333 2.4 0.183333333333 0.0 
2017-08-30:0.0 6.71666666667 9.7 12.7666666667 15.4833333333 0.0 0.0 0.0 0.0 0.0 0.0 0.783333333333 7.71666666667 25.3333333333 4.66666666667 16.8833333333 43.3166666667 8.2 1.98333333333 5.81666666667 0.0 1.0 60.0 60.0 
2017-08-31:0.0833333333333 0.0 0.0 0.0 0.0 9.98333333333 0.0 4.73333333333 0.0 0.0 0.0 0.0 8.68333333333 6.1 8.66666666667 40.55 51.6666666667 0.0 1.45 49.9333333333 0.0 0.0 7.38333333333 2.53333333333 
2017-09-01:15.2333333333 24.4666666667 5.58333333333 0.0 0.0 0.0 0.0 0.0 0.0 0.0 0.0 1.33333333333 28.8166666667 26.1333333333 12.05 14.3833333333 17.4166666667 22.85 13.9833333333 28.5666666667 13.45 0.0 0.0 28.3666666667 
2017-09-02:3.16666666667 0.0 60.0 60.0 27.7 0.0 0.0 0.0 0.0 1.0 6.91666666667 33.0 0.2 6.48333333333 2.3 0.0 0.0 0.0 0.0 0.0 0.0 2.53333333333 1.55 0.0 
2017-09-03:0.0 0.533333333333 13.2 0.0 0.0 0.0 0.0 0.0 0.0 0.0 0.0 0.0 21.5166666667 0.3 33.4166666667 0.0 2.31666666667 13.1 30.55 36.4333333333 0.05 0.05 4.31666666667 2.66666666667 
2017-09-04:0.0 0.333333333333 0.0 0.0 0.0 0.0 0.0 0.0 0.0 0.516666666667 0.0 0.0 1.55 0.0 0.1 1.1 0.0 0.0 0.0 13.65 11.5166666667 18.8333333333 0.416666666667 0.45 
2017-09-05:0.0 0.0 0.0 0.0 0.0 0.0 0.0 0.0833333333333 0.533333333333 0.75 0.5 60.0 40.9 0.0 15.9833333333 44.55 22.1 0.316666666667 0.0 0.0 58.2333333333 14.9833333333 8.73333333333 60.0 
2017-09-06:60.0 60.0 19.55 0.0 0.0 0.0 0.0 0.0 0.0 0.3 9.95 0.0 7.0 23.2 5.53333333333 0.0 0.0 20.6333333333 9.71666666667 14.8333333333 0.133333333333 0.766666666667 15.35 0.0 
2017-09-07:0.0 12.35 0.0 0.0 0.0 0.0 0.0 0.0 0.0 0.0 48.0 20.5666666667 8.73333333333 29.7333333333 9.58333333333 19.3333333333 0.466666666667 50.4666666667 2.86666666667 1.16666666667 0.0 0.0 60.0 17.7333333333 
2017-09-08:11.9 0.0 34.7 0.0 0.0 0.0 0.0 0.0 0.0 0.0 0.0 21.95 0.0833333333333 4.03333333333 5.98333333333 3.7 49.6166666667 0.0 0.0 0.0 0.0 0.0 43.0666666667 0.266666666667 
2017-09-09:0.0 32.85 29.55 0.0 0.0 0.0 0.0 0.0 0.0 0.0 30.35 0.0 51.6 0.0 0.0 0.0 0.0 1.08333333333 0.0 41.5833333333 6.81666666667 23.95 0.0 0.0 
2017-09-10:1.68333333333 0.0 0.0 0.0 0.0 0.0 0.0 0.0 0.0 0.0 5.75 8.2 0.2 0.0 22.0 9.4 9.43333333333 22.2 10.0166666667 20.65 0.0 6.76666666667 0.0 60.0 
2017-09-11:5.21666666667 0.0 0.0 0.0 8.26666666667 0.0 0.0 0.0 0.0 0.0 0.0 23.4833333333 0.666666666667 13.35 0.0 4.68333333333 8.38333333333 6.25 4.06666666667 15.7666666667 16.45 0.0 0.883333333333 0.0 
2017-09-12:57.9333333333 0.0 43.8666666667 0.0 0.0 0.0 0.0 0.0 0.633333333333 18.5833333333 25.9166666667 38.95 35.8 24.8 22.9 59.7833333333 9.6 0.133333333333 11.6833333333 1.38333333333 0.0 6.96666666667 0.0 0.0 
2017-09-13:0.0833333333333 60.0 15.9833333333 0.0 0.0 0.0 0.0 0.0 0.0 0.0 36.6 0.0 1.91666666667 4.2 7.38333333333 1.18333333333 11.8666666667 15.7333333333 0.0 13.4333333333 52.65 22.35 13.2333333333 7.1 
2017-09-14:0.516666666667 0.0 0.0 0.0 0.0 0.0 6.43333333333 0.0 0.0 0.0 0.0 31.8833333333 0.6 24.4666666667 0.0 0.0 0.283333333333 6.06666666667 0.0 1.53333333333 10.3833333333 14.1333333333 0.0 0.0 
2017-09-15:0.0 0.0 0.0 0.0 0.0 0.0 0.0 2.51666666667 15.2666666667 12.1 39.5333333333 14.45 37.3166666667 31.1166666667 32.1666666667 6.36666666667 53.85 0.0 0.0 28.4333333333 60.0 60.0 0.283333333333 0.0 
2017-09-16:0.0 31.6166666667 0.0 0.0 0.0 0.0 0.0 0.0 0.0 0.0 48.0166666667 0.0 0.516666666667 1.41666666667 0.55 0.05 2.53333333333 0.0 0.0 46.3666666667 5.86666666667 30.1 32.5 60.0 
2017-09-17:33.7666666667 0.15 0.0 0.0 0.0 0.0 0.0 0.0 0.0 0.0833333333333 22.0833333333 1.76666666667 12.6666666667 60.0 16.4 13.05 2.7 36.6 25.45 38.3833333333 4.15 5.16666666667 0.0 2.31666666667 
2017-09-18:0.0 0.0 0.0 0.0 0.0 0.0 0.0 0.0 57.5666666667 0.0 0.0 6.78333333333 11.3666666667 0.0 0.0 33.95 37.5666666667 60.0 21.05 13.8 0.0 7.01666666667 9.48333333333 9.2 
2017-09-19:0.0 0.0 0.0 0.0 0.0 0.0 0.0 0.0 0.0 0.0 0.0 0.0 0.0 0.0 0.0 0.266666666667 42.7 6.08333333333 40.0 1.45 5.63333333333 17.3833333333 16.5166666667 45.5833333333 
2017-09-20:60.0 60.0 12.0666666667 0.0 0.0 0.0 0.0 0.0 0.0 0.05 38.8666666667 1.3 16.05 0.45 18.8833333333 0.0 0.0 0.0 0.0 60.0 27.4333333333 5.31666666667 33.0333333333 8.33333333333 
2017-09-21:1.65 0.0 0.0 0.0 0.0 0.0 0.0 0.0 0.0 3.05 13.5166666667 28.5666666667 0.516666666667 0.35 36.9 23.5166666667 6.01666666667 5.23333333333 0.05 25.2 5.86666666667 9.91666666667 0.0 0.0666666666667 
2017-09-22:60.0 60.0 13.9833333333 0.0 0.0 0.0 0.0 0.0 27.8666666667 0.0 31.7 0.0 0.0 0.0 0.0 0.0 0.0 0.0 0.0 0.0 0.0 0.0 0.0 0.0 
2017-09-22:0.0 0.0 0.0 0.0 0.0 0.0 0.0 0.0 0.0 0.0 0.0 0.0 0.0 0.0 0.0 0.0 0.0 0.0 0.0 0.0 0.0 0.0 0.0 0.0 
2017-09-24:13.4 43.6 0.0 0.0 0.0 0.0 0.0 0.0 0.0 0.0 0.333333333333 30.4166666667 0.0 31.2333333333 0.0 14.5166666667 2.06666666667 49.2166666667 0.0 0.4 0.0 14.4333333333 3.5 60.0 
2017-09-25:60.0 48.6666666667 0.0 0.0 0.0 0.0 0.0 0.0 0.0 0.316666666667 14.5666666667 17.3333333333 6.3 9.65 5.61666666667 14.95 0.0 0.0 0.0 8.2 5.21666666667 0.0 0.0 13.8 
2017-09-26:60.0 60.0 5.6 51.6666666667 0.0 0.0 0.0 0.95 16.1333333333 16.2166666667 7.53333333333 0.0 0.9 19.5333333333 22.1666666667 0.05 6.33333333333 0.0333333333333 22.2166666667 1.28333333333 0.0166666666667 0.366666666667 33.6666666667 0.0 
2017-09-27:60.0 1.11666666667 0.0 0.0 0.0 0.0 0.0 0.0 3.38333333333 0.0 0.0 26.9666666667 10.15 1.78333333333 0.0833333333333 31.4333333333 25.8333333333 30.2166666667 4.36666666667 0.0 0.383333333333 2.05 11.3666666667 39.3166666667 
2017-09-28:9.45 2.11666666667 0.15 0.0333333333333 0.3 0.0 0.0 0.0 0.0 0.0 52.7833333333 13.1166666667 17.0 0.0 19.1833333333 1.56666666667 0.0 6.23333333333 4.06666666667 0.0 6.38333333333 16.3833333333 29.7 15.8833333333 
2017-09-29:0.0 0.0 2.2 0.0 0.0 0.0 0.0 0.0 0.333333333333 0.0 0.216666666667 0.0 1.15 26.8 4.56666666667 0.0333333333333 26.6166666667 15.7666666667 3.58333333333 0.416666666667 14.6 17.7166666667 13.8 5.83333333333 
2017-09-30:4.61666666667 46.0333333333 60.0 18.65 0.0 0.0 0.0 0.6 0.0 0.0 0.0 4.63333333333 0.0 3.33333333333 0.0333333333333 0.0 0.0 9.86666666667 0.0 10.7 41.3666666667 46.4 0.0333333333333 0.0 
2017-10-01:0.0 52.95 0.0 0.0 0.0 0.0 0.0 0.0 0.0 0.0 57.1666666667 10.9166666667 11.8166666667 0.0 0.0 0.0 0.0 44.7166666667 40.45 6.25 33.1666666667 2.33333333333 28.3166666667 18.7333333333 
2017-10-02:0.0 0.0 32.3833333333 0.0 0.0 0.0 0.0 0.0 0.0 15.5 14.3833333333 3.55 8.61666666667 11.4833333333 0.7 0.333333333333 0.0 4.45 2.73333333333 4.1 0.0 0.0 15.8 0.0 
2017-10-03:0.0 60.0 45.3 0.0 0.0 0.0 0.0 0.0 0.0 2.46666666667 0.0 2.08333333333 43.0833333333 16.5666666667 0.0 0.0 0.0 21.75 28.8 24.95 18.1666666667 60.0 5.26666666667 60.0 
2017-10-04:33.85 0.0 0.0 0.0 0.0 0.0 0.0 0.0 0.0 12.2333333333 0.716666666667 0.783333333333 11.25 0.0 4.01666666667 3.11666666667 2.5 2.3 0.283333333333 0.0 0.0333333333333 0.0 60.0 10.9333333333 
2017-10-05:8.11666666667 0.0 0.0 0.0 0.0 0.0 0.0 0.0 1.31666666667 0.0 12.35 0.733333333333 1.9 8.21666666667 7.45 6.03333333333 13.6333333333 0.0 0.0166666666667 0.0 0.5 0.0 0.0 0.0 
2017-10-06:0.0 0.0 0.0 0.0 0.0 0.0 0.0 0.0 4.91666666667 20.0833333333 0.0 0.0 0.0 0.0 0.0 0.0 0.0 0.0 0.0 0.0 0.0 0.0 0.0 0.0 
2017-10-07:18.35 0.0 0.0 0.0 0.0 0.0 0.0 0.0 0.0 53.65 6.28333333333 60.0 52.85 2.55 60.0 36.7166666667 0.0 8.25 8.68333333333 1.11666666667 0.383333333333 0.0 3.61666666667 0.0 
2017-10-08:0.0 41.55 0.0 0.0 0.0 0.0 0.0 0.0 0.0 0.0 7.96666666667 60.0 52.7666666667 0.116666666667 0.0 0.0 7.98333333333 0.0 1.51666666667 23.65 0.0333333333333 0.0 0.0166666666667 0.05 
2017-10-09:46.7166666667 0.0 0.0 0.0 0.0 0.0 0.0 0.0 0.316666666667 0.0 11.8333333333 3.26666666667 1.85 3.81666666667 0.75 16.7166666667 3.66666666667 7.2 0.0 0.0 0.0 0.0333333333333 0.0 31.7 
2017-10-10:35.65 45.0666666667 0.0 0.0 0.0 0.0 0.0 0.633333333333 1.4 10.5166666667 20.9166666667 10.0166666667 27.85 4.83333333333 15.2166666667 0.916666666667 0.0166666666667 0.3 10.1 1.03333333333 4.6 57.3833333333 2.23333333333 0.0 
2017-10-11:34.3833333333 0.0 0.0 0.0 0.0 0.0 0.0 0.3 23.2166666667 18.5666666667 0.0 0.0 2.6 0.216666666667 10.7833333333 5.53333333333 12.3166666667 3.61666666667 4.03333333333 0.0 37.65 0.0 1.16666666667 1.23333333333 
2017-10-12:12.5 0.0 0.0 0.0 0.0 0.0 0.0 0.0 1.98333333333 8.45 0.45 4.33333333333 23.75 18.3 1.76666666667 5.88333333333 6.26666666667 6.11666666667 1.15 0.0333333333333 0.0 1.11666666667 0.733333333333 0.0 
2017-10-13:2.55 0.0 0.0 0.0 0.0 0.0 0.0 0.0 4.38333333333 8.38333333333 44.8 20.2166666667 5.31666666667 5.01666666667 0.0 12.5333333333 15.6333333333 14.4833333333 0.0 0.0 10.1666666667 2.46666666667 6.68333333333 1.3 
2017-10-14:0.833333333333 0.0 0.616666666667 0.0 0.0 0.0 0.0 0.0 0.0 55.45 6.98333333333 3.48333333333 0.116666666667 58.2166666667 5.76666666667 10.7333333333 0.75 11.6333333333 16.8666666667 8.03333333333 20.9333333333 6.26666666667 1.85 2.33333333333 
2017-10-15:0.0 0.0 0.0 0.0 0.0 0.0 0.0 0.0 0.0 0.0 0.0 0.0 0.0 0.0 0.0 13.7333333333 8.16666666667 16.9166666667 32.8166666667 22.95 3.0 13.9833333333 25.5166666667 11.9666666667 
2017-10-16:28.6166666667 2.1 10.95 11.7666666667 9.16666666667 5.78333333333 1.11666666667 0.216666666667 36.65 0.0 36.0 16.25 2.65 16.2 0.25 6.46666666667 29.75 11.45 3.4 9.43333333333 0.0 32.15 53.3166666667 18.25 
2017-10-17:12.5166666667 0.866666666667 21.5333333333 8.26666666667 0.0 5.63333333333 0.0 0.0 0.0 0.0 0.166666666667 0.616666666667 6.8 5.08333333333 1.5 1.68333333333 2.2 20.7333333333 4.51666666667 7.66666666667 12.8666666667 55.85 26.8666666667 37.6166666667 
2017-10-18:28.4333333333 34.1166666667 5.46666666667 36.5833333333 20.1166666667 35.0833333333 21.1333333333 0.0 0.0 0.0 0.0 3.9 5.81666666667 0.0 30.4 15.0666666667 11.2666666667 12.8166666667 2.61666666667 23.9166666667 20.0666666667 12.1833333333 0.0 1.06666666667 
2017-10-19:11.8833333333 22.8666666667 20.0333333333 2.71666666667 14.3333333333 27.5166666667 10.7833333333 0.0 0.0 0.0 0.0 0.0 0.0 42.2666666667 0.6 2.13333333333 15.7666666667 11.8666666667 35.4666666667 13.4166666667 5.28333333333 23.3666666667 29.4166666667 18.1833333333 
2017-10-20:47.5833333333 0.0 5.3 14.5666666667 31.1833333333 0.95 1.33333333333 12.1166666667 0.3 21.5833333333 7.23333333333 38.1666666667 0.0 0.0 0.0 0.0 2.68333333333 1.41666666667 5.01666666667 35.5166666667 6.61666666667 18.8666666667 12.85 19.3333333333 
2017-10-21:0.283333333333 0.0 0.0 0.0 1.33333333333 0.0 0.0 0.0 0.0 0.4 15.7166666667 20.0166666667 13.8666666667 15.4 0.266666666667 0.0 0.0 9.36666666667 18.7833333333 0.133333333333 44.5666666667 3.11666666667 6.53333333333 0.0 
2017-10-22:20.5333333333 0.0 0.0 0.0 0.0 0.0 0.0 0.0 0.0 1.2 0.0 0.0 27.75 32.4333333333 30.9833333333 37.0333333333 4.0 6.0 4.73333333333 0.0 56.85 0.0 0.0 24.65 
2017-10-23:1.53333333333 0.733333333333 0.0 0.0 0.0 0.0 0.0 0.0 0.0 0.0 2.41666666667 15.8166666667 6.75 19.2666666667 10.6333333333 11.65 0.6 7.4 4.1 0.0 0.0 0.683333333333 0.0 16.6666666667 
2017-10-24:0.0 1.05 0.0 11.7166666667 0.0 0.0 0.0 0.0 0.266666666667 0.35 30.2 6.78333333333 17.0666666667 6.31666666667 5.7 0.0 7.21666666667 0.0 2.8 0.0 0.0 0.0 0.0 22.2 
2017-10-25:45.2166666667 0.7 0.0 0.0 0.0 0.0 0.0 0.866666666667 2.35 5.31666666667 0.35 0.0 0.366666666667 1.1 0.1 6.16666666667 4.26666666667 1.5 0.0 2.38333333333 0.5 0.733333333333 0.0 6.65 
2017-10-26:26.9333333333 0.0 0.0 0.0 0.0 0.0 0.0 29.9333333333 45.4 3.05 0.0 4.5 3.78333333333 7.66666666667 14.8833333333 8.86666666667 5.51666666667 0.0 4.85 0.0 2.81666666667 1.01666666667 0.316666666667 0.0 
2017-10-27:0.0 0.0 0.0 5.56666666667 0.0 0.0 0.0 0.433333333333 0.7 4.98333333333 0.05 0.0 4.33333333333 14.0 0.5 0.0 2.25 6.18333333333 2.7 0.0 0.0 0.0 0.0333333333333 0.0 
2017-10-28:0.7 0.333333333333 0.05 0.0 0.0 0.0 0.0 0.0 0.0 0.0 0.0 11.2333333333 0.0 12.6 22.05 10.1833333333 3.51666666667 0.0 12.9166666667 0.0 1.03333333333 0.983333333333 0.0 0.0 
2017-10-29:12.0666666667 0.0 0.0 0.0 0.0 0.0 0.0 0.0 0.0 0.0 0.0 8.4 0.666666666667 0.383333333333 12.5166666667 0.65 0.283333333333 5.8 0.0 0.0 0.0 0.0 0.0 31.1 
2017-10-30:1.4 0.0 0.0 4.15 0.0 0.0 0.0 0.0 0.0 0.0 48.3666666667 0.1 5.45 0.05 3.85 4.51666666667 10.4833333333 0.0 0.0 0.0 2.08333333333 0.0 0.05 3.01666666667 
2017-10-31:0.0 3.21666666667 0.0 0.0 0.0 0.0 0.0 0.0 0.333333333333 0.0 20.25 0.0 17.7166666667 35.15 5.81666666667 0.566666666667 0.0 0.0833333333333 0.95 0.0 0.0 0.0 0.0 0.0 
2017-11-01:0.0 5.03333333333 6.63333333333 0.0 0.0 0.0 0.0 0.0166666666667 0.0 16.7333333333 4.01666666667 1.28333333333 3.9 0.0 6.68333333333 3.0 4.63333333333 2.75 20.6166666667 0.0 0.0 0.0 1.73333333333 0.0 
2017-11-02:0.0 15.1333333333 0.0 0.0 0.0 0.0 0.0 0.0 0.516666666667 0.0 0.05 15.45 8.8 1.3 1.01666666667 1.6 5.91666666667 7.18333333333 28.4166666667 1.03333333333 15.35 0.0 0.0 3.1 
2017-11-03:0.466666666667 1.51666666667 20.8833333333 0.0 0.0 0.0 0.0 0.0 0.283333333333 7.48333333333 0.0 0.483333333333 7.36666666667 1.03333333333 0.0666666666667 0.0 4.11666666667 59.5 1.4 0.716666666667 4.55 0.0166666666667 0.0 0.116666666667 
2017-11-04:3.98333333333 0.0 0.0 0.0 0.0 0.0 0.0 0.0 0.0 0.0 0.0 9.28333333333 0.15 8.0 25.15 0.0 0.0 10.45 5.53333333333 0.05 0.0333333333333 0.2 17.7 17.7666666667 
2017-11-05:42.2666666667 4.13333333333 0.0 0.0 0.0 0.0 0.0 0.0 0.0 0.0 0.766666666667 1.16666666667 31.7166666667 0.0333333333333 3.51666666667 0.0 60.0 13.0166666667 23.7333333333 9.31666666667 19.9833333333 0.0 32.2833333333 0.05 
2017-11-06:8.58333333333 60.0 60.0 60.0 9.53333333333 0.0 0.0 10.3166666667 39.1333333333 0.0 11.1166666667 21.45 4.65 10.2166666667 0.716666666667 1.23333333333 0.45 0.383333333333 6.93333333333 0.0 0.0 13.9666666667 33.3833333333 0.183333333333 
2017-11-07:4.8 0.0 0.0 0.0 0.0 0.0 0.0 0.0 0.0 0.183333333333 18.1666666667 10.2666666667 0.516666666667 0.0 2.16666666667 2.81666666667 3.6 0.333333333333 3.26666666667 16.0166666667 60.0 52.35 0.0 0.0 
2017-11-08:56.0666666667 0.0 0.0 0.0 0.0 0.0 0.0 0.0 1.05 21.3166666667 23.1666666667 0.0 1.05 15.5833333333 3.25 9.31666666667 1.18333333333 3.91666666667 9.2 0.0 30.6833333333 0.0 0.0 2.08333333333 
2017-11-09:54.35 60.0 1.68333333333 0.0 0.0 0.0 0.0 0.0 0.0 0.2 0.783333333333 19.9333333333 53.75 1.15 0.516666666667 0.0 0.0166666666667 0.0 16.7333333333 0.0 2.98333333333 0.0 0.0 0.0 
2017-11-10:0.0 0.0 0.0 0.0 0.0 0.0 0.0 0.0 31.0833333333 36.45 7.55 0.0 0.0 0.0 4.0 6.03333333333 17.3666666667 0.933333333333 4.08333333333 0.266666666667 2.35 13.3333333333 0.133333333333 24.7333333333 
2017-11-11:60.0 60.0 0.116666666667 0.0 0.0 0.0 0.0 0.0166666666667 0.0 1.16666666667 60.0 60.0 21.1833333333 8.83333333333 4.53333333333 3.58333333333 33.3166666667 0.633333333333 60.0 11.85 60.0 23.6 21.6666666667 35.0 
2017-11-12:0.0 0.0 0.0 0.0 0.0 0.0 0.0 0.0 0.0 0.0 10.0166666667 32.6 1.43333333333 43.05 19.3833333333 14.75 0.0 0.0 9.6 13.0166666667 48.0833333333 0.0 0.0 0.0 
2017-11-13:0.0 60.0 36.7666666667 44.4666666667 0.0 0.0 0.0 0.0 0.0 0.0 2.78333333333 18.9833333333 0.05 0.0 9.51666666667 0.0 34.7 7.66666666667 0.0 0.283333333333 0.0 0.0 60.0 60.0 
2017-11-14:3.66666666667 0.0 0.3 0.0 0.0 0.0 0.0 0.0 0.316666666667 8.18333333333 0.0 1.16666666667 0.0 0.0 0.116666666667 1.71666666667 6.05 0.0 3.6 21.75 7.23333333333 18.6666666667 16.8 0.0 
2017-11-15:3.45 0.0 0.0 0.0 0.0 0.0 0.0 0.0 0.0 0.483333333333 0.85 0.55 3.05 0.0 14.8833333333 3.71666666667 7.68333333333 0.0 7.31666666667 4.7 0.116666666667 3.3 0.0 6.2 
2017-11-16:56.1833333333 0.0 0.0 0.0 0.0 0.0 0.0 0.0 0.0 0.0 9.28333333333 26.4 4.21666666667 5.65 0.0 60.0 37.9 0.0 8.8 8.91666666667 2.33333333333 0.0 18.65 10.55 
2017-11-17:3.28333333333 4.63333333333 0.0 0.0 0.0 0.0 0.0 0.1 3.23333333333 17.1333333333 2.56666666667 1.81666666667 0.3 8.03333333333 14.9166666667 14.15 13.1166666667 5.91666666667 1.26666666667 9.66666666667 60.0 6.61666666667 0.0 0.0 
2017-11-18:0.0 0.516666666667 60.0 55.4333333333 0.0 0.0 0.0 0.0 0.0 5.81666666667 0.0 45.5333333333 60.0 4.95 13.55 7.11666666667 23.5833333333 5.61666666667 0.433333333333 5.3 0.133333333333 0.0666666666667 1.83333333333 12.2 
2017-11-19:6.9 2.58333333333 1.65 0.0 0.0 0.0 0.0 0.0 0.0 0.0 0.0 14.75 0.0 17.6666666667 1.8 6.71666666667 0.0166666666667 0.0 20.7333333333 34.4166666667 3.08333333333 0.0 60.0 20.55 
2017-11-20:0.0 0.0 36.6 12.25 0.0 0.0 0.0 0.0 0.0 0.666666666667 18.5666666667 20.05 9.45 1.0 2.2 26.4166666667 13.1 31.6833333333 16.0 0.05 0.0666666666667 0.0 0.0 0.0 
2017-11-21:60.0 55.0833333333 0.133333333333 0.0 0.0 18.4666666667 0.0 0.0 0.0 0.0 0.0 2.5 0.0833333333333 1.96666666667 15.2166666667 0.0 4.01666666667 4.1 0.0 13.75 34.7666666667 0.0 0.0 0.0166666666667 
2017-11-22:0.733333333333 0.0 1.8 0.0 0.0 0.0 0.0 0.0 0.383333333333 7.98333333333 0.8 0.0 10.7 3.6 19.45 2.26666666667 2.31666666667 0.766666666667 28.2833333333 4.2 0.0 0.0 0.0 0.0 
2017-11-23:1.15 0.0 0.0 0.0 0.0 0.0 0.0 0.0 0.0 0.0 0.0 0.25 0.616666666667 19.05 5.18333333333 14.65 14.1 7.41666666667 0.05 0.0333333333333 0.0 0.0 0.0 0.0 
2017-11-24:0.0 0.75 0.0333333333333 0.0 0.0 0.0 0.0 0.0 0.0 0.0 15.15 0.0 0.0 0.0 25.7333333333 0.0 0.266666666667 0.633333333333 38.3833333333 0.0 0.0 0.0 0.0 0.0 
2017-11-25:2.71666666667 16.7333333333 0.0 0.0 0.0 0.0 0.0 3.75 12.8 4.7 20.7333333333 29.8666666667 35.1833333333 2.56666666667 1.76666666667 0.0 0.0 0.0 0.0 44.2333333333 0.166666666667 0.1 3.95 0.0 
2017-11-26:29.6166666667 55.3166666667 0.0 0.0 0.0 0.0 0.0 0.0 0.0 0.0 0.0 1.28333333333 0.0 0.0 0.0 3.33333333333 0.0 0.0 0.0 56.7333333333 0.233333333333 0.0 0.0 0.0 
2017-11-27:15.35 60.0 50.1833333333 0.0 0.0 0.0 0.0 0.0 11.6333333333 0.0 0.0 0.0 14.1833333333 1.83333333333 12.1666666667 2.15 33.15 18.8166666667 1.43333333333 0.0 0.45 45.2166666667 0.116666666667 1.75 
2017-11-28:0.616666666667 0.0 15.5333333333 0.0 0.0 0.0 0.0 0.0 0.0 0.0 6.5 0.0 0.0 2.33333333333 31.1833333333 3.9 13.6666666667 20.1333333333 0.0 11.4333333333 14.3333333333 18.1 19.9333333333 19.1666666667 
2017-11-29:0.483333333333 11.0833333333 60.0 43.25 0.0 0.0 0.0 0.0666666666667 0.25 21.6 39.2166666667 16.45 0.0666666666667 11.4333333333 6.0 0.0 8.3 32.4 0.666666666667 18.9666666667 0.466666666667 5.8 6.25 30.5833333333 
2017-11-30:0.0 11.5666666667 0.0 0.866666666667 0.0 0.0 0.0 0.0 0.0 0.0 0.0 7.9 0.05 0.0 4.13333333333 1.7 15.95 34.2666666667 14.4833333333 11.3333333333 0.0 6.35 31.1666666667 45.2833333333 
2017-12-01:0.0 15.6333333333 17.6333333333 0.0 1.63333333333 10.7666666667 0.0 0.1 1.06666666667 11.9166666667 11.75 0.0166666666667 15.6833333333 21.5666666667 8.53333333333 0.533333333333 10.5666666667 0.0 0.0 0.0 0.0 0.0 5.66666666667 0.0 
2017-12-02:0.4 0.0 0.133333333333 0.0 0.0 0.0 0.0 0.0 0.0 0.0 0.0666666666667 0.0 0.0 0.75 4.63333333333 6.03333333333 2.73333333333 0.0 1.46666666667 8.08333333333 0.833333333333 0.0 0.0 0.0 
2017-12-03:0.4 52.6666666667 0.0 0.0 0.0 0.0 0.0 0.0 0.0 0.0 1.0 0.0 0.0 0.0333333333333 0.0 0.0 0.0 0.0 15.9833333333 0.0 0.0166666666667 0.0 51.4666666667 0.0 
2017-12-04:0.0 1.16666666667 8.76666666667 0.0 0.0 0.0 0.0 0.0 0.0 0.15 5.03333333333 18.8333333333 0.0 0.416666666667 0.633333333333 0.266666666667 12.3166666667 15.5166666667 0.416666666667 0.3 4.1 3.56666666667 40.3833333333 34.6833333333 
2017-12-05:0.0 0.0 0.0 0.0 0.0 0.0 0.0 0.0 0.433333333333 51.2833333333 0.0 0.0 0.0 9.31666666667 0.0666666666667 1.4 0.15 5.71666666667 7.83333333333 0.0 3.01666666667 0.833333333333 0.0 41.7666666667 
2017-12-06:2.51666666667 0.0 0.0 9.28333333333 0.0 0.0 0.0 0.0 0.366666666667 1.43333333333 2.38333333333 2.86666666667 13.55 0.0 0.0 1.16666666667 0.883333333333 6.41666666667 20.0166666667 3.16666666667 15.2 0.0 0.0 0.0 
2017-12-07:0.0 0.0 23.7166666667 0.0666666666667 0.0 0.0 0.0 0.0 0.0 1.1 27.45 7.83333333333 2.03333333333 18.8333333333 0.55 9.35 0.0 0.0 0.0 4.96666666667 0.466666666667 2.81666666667 0.383333333333 0.0 
2017-12-08:0.0 1.13333333333 0.0 3.46666666667 0.0 0.0 0.0 0.0 0.566666666667 4.83333333333 2.56666666667 0.0 3.26666666667 0.8 1.18333333333 32.6833333333 16.4833333333 3.68333333333 0.0 4.53333333333 11.2333333333 5.4 0.0 0.2 
2017-12-09:60.0 20.5666666667 0.0 0.0 0.0 0.0 0.0 0.0 0.0 19.35 0.0 13.6166666667 0.0 0.0 0.25 0.0 0.0 0.0 0.0 0.0 0.0 0.0 0.0 0.0 
2017-12-10:1.63333333333 0.0 13.3833333333 59.9666666667 0.0 0.0 0.0 0.0 0.0 3.41666666667 0.0 0.0 4.68333333333 15.0333333333 0.0 44.3333333333 13.7166666667 3.63333333333 0.0 4.46666666667 23.0166666667 0.0166666666667 12.8 2.0 
2017-12-11:0.0 0.0 0.616666666667 0.0 0.0 0.0 1.18333333333 0.0 0.0 0.0 0.0 5.3 0.0 12.1666666667 13.2 9.21666666667 45.55 58.45 0.0 0.0 0.0 0.0 0.0 17.5666666667 
2017-12-12:0.0 0.0 0.0 0.0 0.0 0.0 0.0 0.0 0.0 0.0 12.1 0.0 0.0 0.0 4.95 0.0 1.1 0.0 1.4 0.05 0.116666666667 0.2 0.216666666667 0.466666666667 
2017-12-13:0.266666666667 0.0 0.0 0.0 0.0 0.0 0.0 0.0 0.0 0.0 0.0 0.0 19.1666666667 60.0 14.4833333333 0.0 0.0 0.733333333333 0.0 0.0 6.38333333333 1.3 60.0 7.63333333333 
2017-12-14:0.0 10.7 0.0 0.0 0.0 0.0 0.0 0.0 0.0 0.0 3.18333333333 0.0 0.0 0.0 0.0 3.01666666667 31.5333333333 22.25 33.55 0.15 0.15 0.0 0.0 2.01666666667 
2017-12-15:5.76666666667 2.81666666667 0.0 0.0 0.0 0.0 0.0 0.0 0.0 21.9333333333 0.0166666666667 0.0 0.0 0.0 11.5833333333 0.0 0.0 0.0 4.56666666667 0.0 28.75 0.0 0.0 0.0 
2017-12-16:0.0 0.0 0.0 0.683333333333 0.0 0.0 0.0 0.0 0.0 0.0 0.216666666667 1.41666666667 0.183333333333 6.05 0.0333333333333 0.95 7.86666666667 0.15 0.0 2.05 0.6 0.0 0.916666666667 0.466666666667 
2017-12-17:33.5833333333 0.0 0.0 0.0 0.0 0.0 0.0 0.0 0.633333333333 3.51666666667 8.86666666667 0.0 0.0 0.0 60.0 52.4833333333 46.3833333333 1.41666666667 25.5833333333 0.0 0.0333333333333 0.35 48.95 0.0 
2017-12-18:0.0 0.0 0.0 14.3666666667 0.0 0.0 0.0 7.2 16.35 29.7 0.0 15.75 28.15 8.31666666667 9.3 17.9166666667 0.0 9.25 9.18333333333 8.96666666667 0.0 27.35 14.5833333333 0.0 
2017-12-19:0.0 0.616666666667 0.0 0.0 0.0 0.0 0.0 1.8 6.71666666667 23.6166666667 4.25 0.05 0.0 0.0 0.0 9.58333333333 0.0 5.01666666667 1.81666666667 13.9666666667 9.71666666667 0.0 60.0 10.0333333333 
2017-12-20:0.0 14.65 0.0 0.0 0.0 0.0 0.0 0.916666666667 4.56666666667 0.0 60.0 11.0166666667 3.23333333333 8.45 10.2833333333 0.75 60.0 44.3666666667 7.66666666667 57.2833333333 0.0 1.51666666667 60.0 1.83333333333 
2017-12-21:0.0 0.0 0.0 2.76666666667 0.0 0.0 0.0 0.0 0.0 1.51666666667 0.0 24.85 14.1166666667 0.616666666667 0.0 0.0 10.1333333333 0.0 0.0 4.11666666667 22.6333333333 54.0666666667 60.0 11.85 
2017-12-22:34.0166666667 0.0 0.0 0.0 0.0 0.0 0.0 0.0 0.2 6.66666666667 26.4833333333 4.03333333333 51.15 32.3 48.7666666667 46.2333333333 28.0333333333 0.0 0.75 40.2833333333 4.46666666667 32.3333333333 5.83333333333 2.16666666667 
2017-12-23:0.6 0.0 0.0 0.0 0.0 0.0 0.0 0.316666666667 37.6666666667 39.5333333333 0.0 46.3333333333 0.0 60.0 47.8 0.516666666667 0.0 0.0 4.8 0.0 0.0 4.83333333333 44.6333333333 25.9166666667 
2017-12-24:17.4666666667 0.0 0.0 0.0 0.0 0.0 0.233333333333 1.51666666667 0.0 0.1 46.75 1.08333333333 6.73333333333 0.05 0.0 1.46666666667 0.0 2.2 1.83333333333 0.0 0.0 0.0 0.116666666667 0.0 
2017-12-25:30.85 0.0 0.0 0.0 0.0 0.0 0.0 0.0 0.0 0.0 0.183333333333 56.2666666667 8.18333333333 0.0 0.0 0.0 0.0 4.96666666667 9.76666666667 0.0 0.0 0.0 1.21666666667 0.0 
2017-12-26:3.86666666667 0.0 0.0 0.0 0.0 0.0 0.0 0.0 0.0 0.0 0.0 0.0 0.0 0.0 0.0 0.0 0.0 0.0 18.75 0.8 0.0 0.0 0.05 0.0 
2017-12-27:0.0 0.0 0.0 0.0 0.0 3.11666666667 3.05 0.0 0.0 7.63333333333 30.05 9.21666666667 0.0 0.0 0.0 0.0 0.0 0.0 0.0 0.0 0.0 2.18333333333 21.1833333333 1.11666666667 
2017-12-28:9.26666666667 0.0 0.0 0.0 0.0 0.0 0.0 0.0 0.0 0.0 17.9833333333 0.0 0.0 1.43333333333 17.3 0.0 9.91666666667 0.0 0.0 0.0 16.9 0.0 25.65 0.0 
2017-12-29:0.0 0.933333333333 0.0 0.0 0.0 0.0 0.0 0.0 0.966666666667 0.0 0.0 0.0 1.1 0.0 0.0 2.83333333333 3.35 0.0 0.0 0.0 0.0833333333333 0.0 0.0 0.0 
2017-12-30:0.0 3.01666666667 0.0 0.0 0.0 0.0 0.0 0.0 0.0 7.4 0.0 0.0 0.0 0.0 0.683333333333 1.25 16.2833333333 1.23333333333 0.0 0.0333333333333 0.0 0.883333333333 5.38333333333 15.4333333333 
2017-12-31:0.0 0.0 0.0 0.0 0.0 0.0 0.0 0.0 0.0 19.1166666667 24.1 0.0 7.93333333333 4.4 0.0 0.0 0.0 7.75 16.4833333333 8.65 14.6833333333 17.9666666667 16.9 4.48333333333 
2018-01-01:0.0 38.4 0.0 0.0 0.0 0.0 0.0 0.0 0.0 0.716666666667 22.9166666667 0.0 0.0 0.0 0.833333333333 15.45 2.65 14.5166666667 0.0 0.0 4.93333333333 49.4666666667 0.0 0.0 
2018-01-02:40.5833333333 0.0 0.0 0.0 0.0 0.0 0.0 0.0 0.0 22.4666666667 28.2 0.0 0.0 8.01666666667 7.26666666667 14.3166666667 37.45 60.0 60.0 5.33333333333 3.76666666667 0.0 0.0 4.56666666667 
2018-01-03:3.86666666667 36.9666666667 1.45 0.666666666667 0.0 0.0 0.0 0.0 9.31666666667 2.8 0.0 0.0 60.0 41.6333333333 0.0 9.33333333333 0.0 7.53333333333 32.3 0.0 0.0 0.0 0.0 0.0 
2018-01-04:2.66666666667 0.0 0.0 0.0 0.0 0.0 0.0 0.0 0.0 0.0 31.8333333333 0.283333333333 3.45 0.0 0.0 7.11666666667 0.116666666667 1.25 0.0 23.25 0.0 0.0 0.0 0.0 
2018-01-05:0.0 0.0 0.0 1.8 0.0 0.0 0.0 0.0 0.0 0.0 0.216666666667 0.0 0.0 0.0 2.41666666667 3.15 0.833333333333 0.0 0.0 0.0 0.0 0.0 18.9 3.78333333333 
2018-01-06:0.0 0.0 0.0 0.0 0.0 0.0 0.0 0.0 0.0 0.0 0.0 2.75 0.0 0.0 0.0 0.0 0.0 0.0 8.55 0.0 2.55 2.45 0.666666666667 15.8666666667 
2018-01-07:0.0 0.0 0.0 0.0 0.0 0.0 10.15 0.0 0.0 0.0 27.8333333333 0.766666666667 25.0666666667 0.183333333333 9.55 45.4 0.0 0.0 5.86666666667 0.0 0.466666666667 0.0 0.0 5.16666666667 
2018-01-08:1.26666666667 0.0 0.0 0.0 0.0 0.0 0.0 0.0 0.0 0.0 22.0 21.2833333333 11.9333333333 19.3166666667 2.31666666667 0.0 7.18333333333 2.08333333333 1.21666666667 1.65 0.0 0.0 2.3 0.0 
2018-01-09:7.3 0.0333333333333 1.53333333333 0.2 0.0 0.0 0.0 0.0 0.0 4.53333333333 43.6833333333 0.0 0.0 0.0 0.0 41.7666666667 0.0 0.0 2.3 0.0 6.5 0.0 0.0 0.0 
2018-01-10:60.0 3.81666666667 0.0 0.0 0.0 0.0 0.0 0.333333333333 2.05 7.7 0.0166666666667 3.75 3.5 3.3 0.683333333333 6.23333333333 1.76666666667 4.46666666667 0.666666666667 0.0 0.0 0.0 0.0 0.133333333333 
2018-01-11:1.26666666667 0.0 0.0 0.0 0.0666666666667 0.0 0.0 0.0 0.0 0.0 18.1166666667 0.0 7.83333333333 0.0 0.0 28.2666666667 0.0 0.783333333333 8.23333333333 0.916666666667 14.45 0.0 15.2666666667 11.0333333333 
2018-01-12:1.45 0.0 0.0 0.0 0.0 0.0 0.0 0.0 2.18333333333 0.266666666667 39.55 0.0 13.8166666667 0.0333333333333 0.0 0.25 1.25 3.68333333333 7.98333333333 0.0666666666667 4.15 1.23333333333 7.2 0.7 
2018-01-13:0.0 0.0 0.0 0.833333333333 0.0 0.0 0.0 0.0 0.0 60.0 32.9833333333 5.55 0.133333333333 0.0 1.4 2.7 4.5 1.48333333333 2.86666666667 2.7 5.36666666667 0.0 0.0 10.9166666667 
2018-01-14:17.5833333333 0.0 0.0 0.0 0.0 0.0 0.0 0.0 0.0 0.0 0.0 20.5 0.183333333333 45.7666666667 0.0 0.0 0.0 0.0 0.0 4.46666666667 0.0 0.0 32.6 0.233333333333 
2018-01-15:0.0 0.0 0.0 0.0 0.0 0.0 0.0 0.0 0.0 0.0 24.1166666667 0.0166666666667 0.0 0.0 0.0 4.53333333333 0.0 0.0 5.45 0.0333333333333 0.0 0.0 7.9 0.0 
2018-01-16:19.5833333333 0.0 0.0 0.0 0.0 0.0 0.0 0.0 9.06666666667 2.93333333333 0.05 0.766666666667 0.0 0.0 4.08333333333 4.48333333333 0.0166666666667 4.53333333333 0.0 0.0 0.0 0.0 0.0 40.5 
2018-01-17:1.1 0.0 0.0 0.966666666667 0.0 0.0 0.0 0.0 0.0 0.0 0.0 3.51666666667 0.0 1.43333333333 1.11666666667 2.8 0.0 0.0 12.8 0.0 0.0 0.0 0.0 0.0 
2018-01-18:0.0 0.0 0.0 0.0 1.38333333333 0.0 0.0 0.15 0.683333333333 2.13333333333 0.133333333333 0.0 1.95 0.0 8.83333333333 0.0 1.23333333333 1.11666666667 0.0 3.33333333333 1.06666666667 0.0 0.0 0.0 
2018-01-19:1.03333333333 0.0 0.0 0.0 0.0 0.0 0.0 0.0 0.0 0.0666666666667 0.0 1.78333333333 0.0 9.05 1.71666666667 0.0 4.08333333333 0.0 0.0 0.0 0.0 3.26666666667 0.0 0.0 
